100 2000
58 99 892
57 37 342
8 4 505
45 14 424
33 31 280
61 64 62
18 47 964
44 14 216
61 83 136
45 65 415
44 21 48
79 17 787
77 42 550
33 87 249
97 53 498
73 24 661
39 10 360
96 60 324
82 20 152
33 37 664
98 51 556
6 61 368
58 18 988
79 38 107
70 67 751
31 57 540
1 23 95
35 75 822
33 97 249
23 36 743
89 85 211
6 67 117
90 18 461
84 15 491
67 12 722
80 64 983
51 77 707
21 96 289
73 28 250
33 91 131
63 18 989
71 7 57
24 27 709
68 86 829
82 80 873
68 91 138
19 24 238
60 93 934
27 49 920
57 63 390
35 57 654
19 93 929
83 71 664
14 82 551
15 37 575
20 29 435
86 77 454
52 36 560
64 81 890
48 35 167
57 13 926
67 4 828
61 90 880
6 89 840
87 16 520
96 97 15
34 14 907
27 8 975
67 36 418
99 69 158
3 82 203
12 74 49
1 41 550
62 95 225
37 91 504
13 89 715
43 56 563
93 51 409
84 68 568
46 29 17
36 33 876
52 32 762
70 57 821
67 21 827
63 43 244
43 94 980
69 97 662
83 70 940
26 34 430
53 29 426
1 96 185
71 25 541
7 10 917
13 81 717
3 1 335
10 34 996
0 8 765
39 70 449
71 31 768
64 48 156
92 95 32
43 98 895
99 37 917
82 68 654
41 4 382
45 27 750
21 68 56
73 40 872
95 65 774
23 75 254
34 92 481
54 18 344
37 81 642
26 52 52
13 54 599
19 51 57
10 13 65
10 37 566
9 34 227
88 0 500
39 11 282
30 21 901
79 43 147
90 36 376
13 26 554
49 96 31
94 83 977
47 56 270
89 91 168
6 64 445
40 11 323
55 29 256
78 65 380
44 48 958
53 77 451
26 32 583
72 53 283
5 47 342
68 18 619
60 53 992
78 14 893
21 86 983
75 3 460
46 10 512
3 56 932
71 58 10
19 86 65
3 7 790
96 90 105
69 66 614
88 94 638
21 49 316
44 86 869
7 18 492
69 68 882
56 65 83
84 49 968
78 13 634
68 29 496
85 10 544
61 16 239
38 36 894
32 30 430
42 68 920
62 43 472
89 58 62
12 40 781
71 54 201
2 19 324
93 84 375
53 35 480
74 93 413
34 44 556
48 14 680
5 27 150
48 31 976
13 44 115
70 90 344
78 35 14
24 46 178
82 66 742
11 64 767
45 53 871
37 68 977
82 37 708
63 99 351
70 23 759
48 8 839
43 50 615
86 54 492
97 86 332
31 37 830
58 30 355
51 83 52
42 33 682
48 6 688
31 1 871
11 21 703
91 80 810
61 94 58
58 26 632
61 45 625
61 21 680
89 22 997
60 48 422
10 86 15
71 63 688
27 78 656
51 34 153
19 11 415
23 13 807
58 54 814
44 19 923
52 17 273
43 66 997
96 46 619
74 61 892
19 25 556
99 34 864
35 71 495
38 31 160
4 62 702
46 59 657
64 77 708
56 95 28
67 25 573
41 35 328
81 36 823
79 53 269
74 23 664
35 42 638
3 41 86
0 23 264
76 53 900
82 89 102
55 60 46
46 81 726
48 73 659
59 84 739
58 21 694
84 73 466
6 45 53
33 98 645
7 28 305
4 18 896
17 50 410
43 9 57
22 13 420
28 82 159
47 13 884
64 94 566
74 34 157
91 56 585
19 61 920
71 27 675
70 25 601
22 56 281
67 81 96
95 90 378
47 8 773
12 38 169
7 61 284
32 96 894
51 4 728
36 69 717
61 84 341
21 15 966
85 21 627
81 19 881
88 55 766
5 49 337
60 26 858
79 70 44
1 95 52
35 8 322
82 24 532
40 75 934
92 11 660
92 67 596
54 96 933
59 86 816
77 36 840
25 21 595
88 70 750
10 58 460
40 8 730
35 59 184
35 37 169
77 83 652
45 56 268
44 97 201
15 73 138
26 22 220
19 10 474
80 79 643
49 47 871
15 79 928
33 35 267
74 78 223
45 87 494
38 74 288
29 11 550
93 31 265
7 57 539
60 39 969
64 51 774
51 70 843
50 35 643
48 74 537
10 71 480
55 27 414
96 5 129
15 61 963
32 1 309
40 72 704
46 13 997
23 27 358
67 97 513
11 77 596
48 58 41
56 42 246
13 60 329
41 81 596
41 8 833
89 87 893
65 12 885
96 37 479
95 5 248
41 84 347
93 72 823
29 91 600
80 18 397
30 63 698
28 43 151
20 53 568
84 44 127
75 26 462
43 27 702
91 39 59
2 48 39
97 25 198
42 40 537
60 76 546
87 24 349
58 98 205
91 63 824
20 30 631
83 12 203
2 44 273
69 92 156
15 27 940
64 46 26
57 84 174
71 11 748
52 99 574
11 73 462
60 36 142
45 88 252
62 19 113
22 53 312
25 55 125
0 98 404
71 5 463
12 27 811
45 3 833
17 60 325
68 78 330
16 30 369
89 80 86
69 10 596
16 96 64
47 15 548
91 41 778
38 77 676
73 50 222
7 33 395
8 52 712
20 40 516
61 0 730
37 17 643
23 41 50
85 23 321
90 64 118
43 13 217
80 72 210
85 17 593
15 53 96
87 99 312
9 64 160
53 68 648
21 62 872
55 35 888
48 26 613
61 26 40
69 44 853
11 78 643
88 2 607
60 50 384
63 80 787
9 44 242
95 6 219
18 26 927
16 29 403
84 42 331
15 45 362
81 66 796
72 16 41
18 55 323
34 69 796
1 0 953
96 25 133
52 37 754
47 16 778
16 78 494
39 55 919
11 69 434
97 11 432
16 27 388
77 67 904
39 50 788
25 23 656
56 73 19
12 48 468
11 0 329
87 63 729
15 29 241
33 71 35
20 35 107
63 21 132
62 9 425
43 70 260
20 81 142
35 16 45
17 71 554
32 93 650
59 38 727
69 2 476
67 40 976
89 95 914
0 92 201
32 40 359
90 33 333
10 1 519
47 46 14
12 23 998
7 44 706
25 24 988
84 65 645
73 27 610
16 52 426
82 13 267
27 65 973
44 56 763
40 95 766
49 71 906
23 26 812
61 75 498
87 54 643
56 78 430
35 56 462
88 5 390
12 13 25
48 75 472
22 31 894
42 70 125
16 26 316
75 47 634
57 41 523
28 74 278
3 90 277
47 58 12
64 19 273
39 18 149
44 63 543
63 51 537
1 58 747
41 56 602
51 52 265
98 66 612
78 26 876
25 30 982
85 98 81
31 7 414
91 92 866
32 8 270
32 19 157
13 21 332
43 35 817
97 42 984
80 69 214
7 47 282
91 0 389
30 81 28
47 99 825
43 90 133
26 53 419
10 24 435
93 36 103
7 52 800
57 26 179
54 90 853
5 29 990
33 95 351
47 0 277
58 59 201
97 99 577
97 43 950
23 97 28
88 43 480
64 96 409
53 51 160
87 98 79
52 23 22
95 4 388
59 3 902
65 60 840
28 80 346
71 34 193
72 35 170
15 81 784
24 97 734
65 20 705
55 59 135
27 42 914
40 17 475
91 52 762
49 40 340
92 12 997
15 51 782
85 97 219
50 94 644
62 11 772
39 32 452
79 59 240
96 4 248
3 63 510
25 7 713
40 31 650
87 69 933
53 75 469
80 97 63
8 80 750
57 6 72
87 88 228
6 11 610
34 37 130
31 43 947
71 51 224
21 1 305
66 84 473
88 39 952
15 2 111
3 25 36
59 95 693
3 30 864
30 61 778
14 37 228
40 26 13
41 98 335
74 44 989
66 1 466
89 26 674
71 4 329
92 6 971
37 67 230
79 32 534
8 86 445
28 54 271
74 22 735
67 66 283
11 42 774
68 12 920
99 39 561
26 93 64
29 7 191
69 90 144
98 67 74
75 74 635
30 76 336
16 74 989
88 83 938
95 16 552
78 42 166
25 74 282
48 66 173
73 54 568
45 95 45
71 6 91
13 74 785
54 99 980
0 54 160
93 8 883
25 90 151
2 99 770
95 35 599
31 45 427
79 31 99
28 61 833
35 81 631
52 15 512
38 90 116
34 1 814
74 51 455
51 6 197
71 26 305
71 2 297
57 62 926
34 75 757
54 38 904
5 70 193
98 90 538
69 78 226
11 45 813
80 90 395
52 86 627
25 94 429
16 64 557
90 24 235
5 41 723
22 25 654
97 34 879
91 87 771
15 80 625
63 78 536
85 16 792
69 77 284
94 46 464
24 71 942
10 8 521
22 77 698
5 57 555
14 94 867
74 40 12
99 51 48
73 65 121
2 29 73
83 8 500
86 47 696
43 29 453
67 58 370
74 86 926
0 59 879
76 71 388
46 60 645
59 27 66
73 78 700
40 3 545
16 55 369
47 26 549
26 95 566
14 93 265
61 81 544
12 49 666
75 77 440
46 68 426
25 64 636
61 17 576
92 3 720
61 92 117
66 27 193
57 52 94
2 59 746
46 88 111
32 22 190
80 38 293
16 43 769
29 37 803
82 67 129
94 6 751
32 71 460
44 47 348
95 10 178
11 94 779
8 89 664
27 81 678
89 35 925
71 39 670
44 83 35
44 32 655
64 5 203
53 1 23
52 85 594
65 53 174
55 12 912
5 36 214
27 64 150
20 24 625
14 65 966
58 65 198
18 16 435
3 28 857
14 74 586
51 8 299
91 5 720
40 29 714
45 81 687
3 61 80
42 61 543
10 83 580
88 50 564
61 25 863
49 6 800
28 39 554
25 1 586
82 74 994
33 6 275
45 73 808
58 14 254
9 3 660
28 59 566
94 26 838
77 8 342
70 91 824
54 92 240
42 92 178
86 87 261
96 31 599
12 52 279
0 52 340
36 97 900
95 42 404
15 40 692
1 7 109
11 90 727
88 18 246
10 15 975
75 69 666
37 59 107
48 82 161
44 94 716
75 49 485
19 94 943
5 98 582
69 32 312
23 89 492
15 13 384
3 74 236
59 14 251
93 2 838
24 32 622
70 75 177
9 89 228
72 51 389
40 60 475
75 81 706
41 82 860
5 28 519
43 21 424
63 14 82
27 88 937
22 98 746
63 38 859
75 58 183
65 46 7
18 81 992
78 32 416
66 47 784
73 94 666
84 96 956
20 98 400
67 50 110
20 33 919
70 78 840
68 44 120
60 45 94
81 38 511
14 5 506
12 93 835
38 30 104
2 32 17
63 16 894
38 83 87
52 61 953
72 98 670
38 72 827
84 54 712
21 81 12
32 49 789
32 36 405
89 71 699
1 87 592
75 60 696
50 68 45
71 3 676
60 80 674
57 21 559
63 54 7
90 84 227
14 68 229
39 84 1000
20 17 487
74 92 744
64 37 34
7 6 272
57 12 843
16 94 179
89 88 539
42 87 872
88 74 871
99 7 308
89 79 317
31 92 530
22 44 882
99 26 430
32 3 42
64 68 51
56 13 675
21 39 911
50 71 794
51 39 245
59 29 975
3 60 685
26 81 124
63 25 626
59 31 415
63 17 637
34 67 231
43 55 536
54 74 336
29 36 792
39 65 945
25 31 565
59 48 247
64 85 860
23 20 350
72 8 716
21 35 814
9 36 925
84 18 984
54 75 287
85 77 26
54 55 114
23 64 582
46 61 90
92 59 789
92 35 123
69 39 413
81 33 111
28 72 901
65 25 420
65 70 311
84 95 92
76 35 566
59 66 36
86 72 202
15 0 97
71 8 226
82 85 553
17 66 983
43 44 634
98 13 906
37 53 818
87 65 770
16 17 344
65 21 938
76 74 811
36 53 86
64 40 210
38 5 940
51 28 779
36 22 502
50 46 794
22 10 218
76 24 761
20 52 725
90 10 198
90 94 587
24 81 701
38 49 348
95 49 79
32 23 772
98 30 740
27 6 276
96 98 674
93 78 740
47 64 848
48 55 222
80 3 698
89 76 878
63 60 589
93 66 40
15 11 895
85 72 557
6 58 826
14 18 202
68 5 838
15 3 25
94 65 684
45 7 555
69 21 653
45 92 213
21 7 463
30 51 428
75 98 898
31 67 315
25 54 628
42 29 822
68 75 600
62 41 813
70 93 96
33 76 947
26 3 126
23 6 136
83 89 755
95 34 889
14 10 28
16 65 520
93 6 436
35 24 708
13 99 13
25 26 81
79 8 664
73 67 908
77 95 2
46 76 988
2 47 108
10 53 844
39 56 262
32 87 777
33 2 76
99 18 430
9 95 256
56 69 100
96 14 50
41 45 638
47 95 942
68 59 544
89 33 644
27 34 867
92 80 836
35 67 533
12 14 779
10 42 928
8 97 833
1 30 867
36 11 780
37 54 643
63 35 990
66 85 891
87 77 248
41 73 317
95 60 494
9 11 544
89 59 720
24 56 167
94 2 769
57 94 793
29 58 182
0 30 997
55 99 69
30 8 646
19 53 791
55 19 231
26 85 233
29 45 606
92 87 25
41 90 908
50 97 370
0 44 93
50 23 881
55 80 883
5 3 962
75 41 690
96 57 346
16 37 436
19 15 131
51 42 617
17 43 77
50 83 878
79 44 813
59 17 735
5 67 118
77 46 233
4 78 134
86 69 972
64 71 571
33 16 277
89 43 257
23 15 628
51 85 282
72 66 568
77 30 952
6 19 466
4 91 538
49 56 724
13 63 628
32 6 269
45 18 75
16 32 550
77 73 496
64 57 434
99 1 701
63 4 689
77 66 883
78 84 743
63 37 542
19 21 939
79 73 624
21 38 446
89 60 693
94 42 134
19 30 458
36 79 975
12 96 281
85 63 709
59 1 23
34 6 519
45 67 128
37 66 880
81 7 714
65 72 120
73 69 863
26 77 166
21 88 321
31 83 565
54 2 240
94 47 131
69 8 776
74 37 183
18 75 749
63 33 604
78 77 263
97 55 17
74 19 379
29 26 322
58 0 350
85 42 841
34 24 579
25 5 187
73 29 155
88 25 261
35 40 955
59 40 87
94 48 382
66 86 584
44 25 441
14 71 593
41 10 957
20 21 970
95 54 15
41 0 24
99 6 767
67 90 887
50 80 393
99 41 823
53 2 417
20 58 201
94 20 18
80 32 785
7 75 855
33 73 150
46 42 381
22 72 773
36 1 304
76 69 647
89 68 335
43 36 409
12 22 836
14 47 338
33 55 689
40 54 754
27 77 427
16 51 715
78 53 670
46 97 129
8 94 921
24 42 701
3 79 601
56 4 510
32 27 991
90 58 947
37 39 161
8 26 841
90 30 588
60 9 268
33 3 174
68 9 169
57 82 798
16 6 586
22 88 405
61 29 973
98 48 614
88 99 528
49 88 765
87 23 136
13 66 869
73 37 972
13 3 551
23 83 800
93 92 290
50 38 755
31 75 395
84 80 783
17 14 563
22 33 692
66 6 40
84 67 262
71 92 380
90 86 67
95 79 381
6 1 315
42 45 609
20 97 466
6 75 647
72 76 593
98 2 878
79 68 481
64 17 793
22 57 281
85 90 36
36 55 485
7 64 976
68 16 418
25 43 121
91 61 772
49 99 629
77 37 807
11 65 396
95 68 821
96 18 783
21 98 784
98 4 733
80 37 480
83 62 508
2 90 710
92 33 876
50 74 219
93 38 229
11 80 548
92 70 974
0 21 538
39 2 250
63 98 761
42 47 472
98 42 335
36 13 650
17 81 227
30 65 757
41 59 147
50 82 274
11 18 442
0 96 98
39 20 276
7 41 477
13 14 429
57 19 476
26 91 705
48 99 961
22 96 479
31 62 614
75 80 931
32 82 775
61 39 753
68 90 528
97 77 981
33 46 381
95 19 157
94 31 803
11 89 406
68 81 844
70 60 816
57 27 931
77 99 260
62 17 111
52 55 106
0 20 681
94 32 137
29 14 98
6 69 305
77 57 680
62 39 608
81 52 42
53 43 522
46 2 177
20 75 127
19 39 298
40 87 795
66 49 674
86 26 248
96 81 722
92 40 20
23 7 954
17 6 153
42 7 436
50 93 679
96 88 22
6 40 412
3 69 973
77 23 559
85 53 460
18 66 620
10 80 14
34 98 353
74 58 911
54 72 247
81 50 261
29 99 230
93 40 185
63 90 339
62 60 899
5 17 202
42 3 396
1 8 550
64 50 773
61 13 912
5 21 38
23 63 836
52 47 93
6 52 235
0 25 981
14 95 577
65 66 110
33 78 251
2 62 499
60 78 228
23 99 209
9 69 840
39 82 377
53 41 603
24 29 229
99 83 373
75 59 538
54 83 728
29 49 231
77 14 99
86 13 227
15 25 139
83 19 212
83 97 961
5 26 688
60 1 981
64 65 129
89 78 544
39 78 580
0 65 461
90 72 51
57 72 781
9 99 318
79 33 501
10 29 277
38 95 231
93 90 303
72 67 978
80 25 261
59 44 88
87 90 747
62 28 330
34 90 554
47 85 627
4 48 995
94 10 167
96 71 579
81 32 130
4 53 589
98 93 864
78 30 67
0 18 613
59 43 724
72 75 424
75 28 827
94 85 81
33 65 993
30 9 927
43 4 848
67 11 203
62 65 670
46 70 467
79 57 2
74 89 75
52 62 257
50 84 652
51 50 887
78 99 85
55 86 799
12 8 553
75 12 225
90 45 225
25 87 851
7 91 200
9 12 507
65 69 278
47 55 775
2 23 534
66 10 977
10 21 440
67 14 938
26 65 142
95 18 637
29 76 513
40 96 490
83 84 624
95 17 766
82 17 310
83 36 166
52 78 297
87 37 482
11 22 347
72 32 164
59 72 124
44 5 403
52 95 882
11 82 641
61 87 596
70 87 807
22 61 369
81 62 620
49 41 66
26 87 640
51 20 880
65 49 515
44 6 976
2 3 429
30 39 57
78 96 27
24 59 640
70 4 82
14 33 948
65 38 54
30 83 52
70 34 724
64 39 144
86 11 633
93 22 155
44 96 51
88 67 25
25 93 775
15 43 808
63 97 645
49 63 852
85 20 31
24 6 980
8 75 839
84 40 900
20 48 146
51 67 791
47 54 302
72 69 105
42 22 851
34 49 577
98 25 723
28 10 143
16 50 628
4 92 352
89 63 186
76 28 106
12 19 866
28 42 223
22 14 682
19 78 935
89 97 282
36 62 72
77 21 909
77 91 890
79 24 762
34 68 739
20 61 531
73 19 232
68 27 581
32 62 987
36 3 605
25 50 85
3 72 584
4 85 510
26 28 228
54 60 497
10 57 197
59 87 775
49 60 584
12 56 985
79 21 115
15 83 333
41 25 752
30 99 61
79 29 795
33 53 792
9 76 587
50 72 918
9 47 108
71 79 740
42 62 244
37 8 858
1 80 618
39 44 131
19 9 110
4 24 194
66 50 712
53 81 435
66 58 991
95 7 145
93 81 30
35 38 219
64 4 577
98 79 559
39 67 112
46 38 785
9 6 470
85 43 615
60 33 530
88 58 31
65 68 774
0 84 141
96 19 790
18 40 555
50 96 389
29 92 721
86 2 531
86 23 945
72 88 325
72 79 250
93 7 550
53 67 917
62 49 322
50 9 234
70 48 889
83 32 481
27 50 158
34 81 329
47 63 493
65 52 130
63 84 829
58 97 686
96 61 774
34 60 790
18 49 529
10 74 94
82 15 359
78 6 37
44 11 539
85 37 504
41 20 957
72 77 94
5 34 928
16 45 473
56 9 363
31 60 595
8 16 838
10 33 25
60 61 699
14 3 913
22 60 747
48 62 326
28 64 360
44 49 219
48 95 841
59 52 759
36 34 699
71 80 559
14 28 280
24 70 422
92 5 400
91 2 429
3 38 753
49 64 367
63 10 20
89 56 598
56 28 263
48 41 98
19 90 915
29 35 634
50 0 975
4 77 525
39 9 15
87 10 436
40 44 952
60 14 397
73 30 975
9 93 879
89 45 650
68 51 265
29 77 526
14 62 577
76 61 377
86 57 661
20 50 144
43 8 609
56 63 926
46 55 493
64 75 731
22 54 685
18 33 159
23 93 684
11 85 868
61 66 846
88 7 324
77 41 145
42 5 656
72 60 273
13 84 975
12 17 582
48 54 980
35 77 423
13 90 615
48 52 742
85 74 98
20 42 50
19 50 451
91 18 769
25 18 499
88 90 83
7 82 952
22 46 533
22 52 381
57 80 28
79 46 794
47 45 665
46 48 509
1 16 220
38 37 55
98 7 305
83 25 602
51 17 729
76 42 759
79 4 263
88 38 538
72 91 412
35 66 567
4 87 569
58 37 172
79 45 147
66 0 359
26 97 634
75 90 631
64 44 309
13 87 970
56 48 483
84 75 201
78 75 538
35 10 922
72 44 64
60 59 308
59 47 301
55 20 670
0 60 479
77 33 743
18 8 735
19 20 714
90 74 610
64 52 226
88 24 279
65 85 80
99 43 44
17 65 851
70 97 224
42 13 614
75 39 667
61 31 19
81 29 899
95 78 737
60 10 727
88 19 695
70 0 107
49 57 589
9 97 137
8 87 133
47 67 186
89 14 613
37 4 990
17 29 762
91 46 217
98 26 215
8 68 66
52 35 6
68 43 12
51 10 264
5 78 72
91 85 617
42 34 789
58 61 994
24 93 649
96 45 657
62 6 70
60 88 472
84 32 538
80 51 170
26 31 282
49 48 585
93 44 2
33 8 149
87 93 730
65 6 880
76 75 8
94 24 185
81 88 845
88 44 112
14 55 224
66 9 470
13 4 127
81 78 974
53 46 905
14 86 272
64 15 32
18 38 597
20 1 661
43 24 739
74 45 258
64 18 844
94 99 101
22 34 197
24 77 888
56 33 318
80 88 106
15 31 761
35 1 947
0 31 534
66 34 972
92 96 806
62 8 207
80 45 374
20 76 709
79 77 405
38 98 79
73 32 446
99 61 851
69 70 478
12 2 827
17 90 467
33 43 895
30 11 460
9 41 725
12 97 910
71 48 178
62 26 594
63 69 119
53 56 880
50 42 590
0 36 569
82 78 502
23 81 984
66 19 592
66 73 311
66 40 460
87 9 584
70 59 693
38 20 658
3 22 570
56 74 326
98 61 435
7 58 321
22 87 945
40 51 289
90 44 876
41 60 240
86 46 905
71 81 802
65 5 630
42 0 42
96 35 775
44 91 743
54 31 348
62 85 840
30 14 891
76 81 1
55 4 928
81 11 533
37 22 907
14 15 452
34 25 109
53 13 356
2 5 165
91 38 703
9 65 603
8 55 575
9 18 31
23 68 768
24 53 125
33 51 59
41 32 558
32 53 226
75 79 451
27 99 996
75 82 274
46 32 338
20 2 137
71 30 575
90 31 32
37 98 633
43 48 960
4 94 194
22 79 308
1 42 13
94 75 384
72 37 667
62 45 870
28 90 416
83 5 417
57 59 865
58 80 956
0 49 482
49 50 888
36 35 583
83 40 53
38 82 387
36 42 261
38 26 426
32 28 577
94 59 441
43 69 189
53 84 193
19 49 984
27 58 457
81 6 643
87 81 877
30 75 87
21 12 591
5 1 952
80 4 178
32 42 140
22 75 755
78 90 210
31 27 702
54 59 83
49 7 476
13 29 78
81 56 444
93 18 111
14 61 160
60 12 60
73 7 762
70 68 949
59 32 190
76 91 713
86 43 922
73 90 650
84 23 363
94 22 605
13 5 76
38 51 620
24 65 207
19 7 890
49 61 627
26 27 507
24 33 527
74 42 824
52 5 299
23 59 862
32 33 96
84 2 393
24 15 440
81 63 278
29 4 628
22 95 300
91 96 245
49 20 360
67 9 790
17 67 529
14 20 933
64 86 140
83 34 698
80 86 476
7 34 167
36 57 213
45 76 843
11 41 527
4 84 15
72 74 229
82 45 212
91 51 799
2 11 890
99 73 282
98 39 463
45 37 489
73 92 488
82 34 415
53 95 164
24 91 648
10 6 779
48 39 910
98 81 661
49 92 339
89 18 931
91 22 976
24 96 955
25 48 758
77 43 546
61 11 549
19 40 894
22 82 826
9 45 754
40 0 88
51 58 800
98 35 147
0 90 800
38 14 489
31 51 284
71 93 477
8 29 627
15 58 697
74 4 722
60 38 357
42 6 594
44 76 302
24 9 801
3 4 894
66 29 843
52 79 125
97 98 243
14 69 40
46 23 348
62 30 982
9 59 478
51 97 776
12 62 999
67 93 506
6 13 549
43 10 977
84 92 993
35 19 781
70 82 53
66 11 461
43 47 754
94 21 768
35 74 626
2 79 351
7 22 479
54 46 106
76 77 597
57 2 374
36 98 266
4 33 960
88 6 562
31 23 650
66 96 36
49 1 881
14 97 321
51 11 424
4 10 940
53 80 27
98 60 924
40 23 230
96 10 671
63 79 869
90 55 144
16 31 300
58 55 835
59 99 349
55 32 838
56 98 317
93 83 337
78 41 461
17 47 972
5 86 409
83 65 51
41 96 360
82 91 572
93 15 209
6 31 873
38 55 699
10 11 199
7 90 32
65 77 260
13 79 544
56 40 589
60 29 233
26 12 156
8 76 127
90 1 539
17 53 899
38 70 893
85 7 712
39 23 410
85 80 845
16 3 954
74 99 756
85 96 925
73 58 481
50 61 181
27 91 569
59 77 428
94 28 227
88 68 716
4 44 946
66 90 991
58 40 136
79 23 910
10 97 559
73 38 996
82 30 634
41 40 365
88 3 712
5 43 777
61 79 849
35 54 606
27 20 894
78 47 536
25 56 801
37 2 20
20 90 844
74 29 642
79 26 680
63 88 72
2 95 318
36 85 996
62 63 202
98 55 366
85 22 112
4 28 714
46 3 951
8 74 843
76 51 781
70 64 330
43 65 325
49 55 858
22 58 276
43 67 368
21 89 607
44 95 797
48 22 264
20 80 697
32 34 56
44 78 178
24 30 319
33 15 904
46 75 127
70 63 69
69 74 736
1 44 820
98 78 156
58 49 796
6 38 188
72 7 318
10 45 736
0 86 136
36 47 197
49 23 483
61 77 860
11 88 252
6 85 991
27 61 788
42 60 779
54 3 9
96 68 802
80 62 419
8 98 673
44 98 181
29 87 21
16 89 916
99 72 983
49 73 579
15 87 449
8 28 588
9 80 589
90 99 539
84 45 928
38 11 479
46 82 430
50 89 415
56 61 566
5 84 968
77 60 484
67 55 965
30 5 33
67 78 471
43 26 793
16 39 503
12 84 68
22 41 98
38 33 133
77 3 179
78 79 486
78 57 786
70 44 994
24 98 375
55 65 965
47 48 259
96 28 432
44 62 166
78 9 843
11 96 249
23 90 644
53 74 194
52 72 330
47 31 930
50 12 548
3 67 758
75 4 983
45 91 278
46 4 450
31 29 943
35 2 705
56 37 148
91 1 738
59 96 151
89 77 349
74 70 66
95 23 309
50 26 27
9 20 441
55 70 613
45 51 741
59 93 911
31 58 799
80 46 901
28 13 946
52 10 418
88 92 123
86 73 571
50 56 210
89 28 196
6 60 561
48 17 297
10000
45 37
10 61
33 47
53 92
12 84
62 42
66 27
55 21
89 84
42 20
38 92
32 39
69 98
99 76
65 42
32 46
33 47
46 6
36 91
43 19
62 90
33 52
75 49
74 25
84 48
85 36
25 52
21 33
50 93
41 9
64 47
4 39
45 92
55 95
56 45
1 90
23 0
93 52
32 15
51 22
84 19
4 31
0 45
40 98
71 5
72 47
88 56
76 55
5 39
54 53
18 73
32 59
53 47
92 18
12 46
87 60
17 82
14 19
29 41
29 63
67 58
14 33
30 73
59 94
98 42
6 35
80 0
59 82
18 2
71 6
77 81
54 41
71 14
77 44
13 76
46 61
86 20
82 84
68 16
37 7
65 45
21 22
33 19
27 16
94 74
71 46
68 69
96 14
91 76
98 73
82 47
71 25
80 94
87 94
59 19
62 95
5 83
52 21
1 86
98 21
63 14
25 47
11 77
26 84
80 23
29 3
3 17
2 89
11 24
37 34
47 30
58 13
74 77
98 66
40 18
59 57
14 9
61 91
15 84
27 5
99 95
68 56
73 11
59 90
48 94
33 52
55 9
19 66
88 39
5 17
40 1
14 86
46 87
6 41
71 82
53 83
67 24
55 80
23 22
83 66
68 25
72 71
92 31
7 12
20 69
21 81
88 71
65 15
79 33
52 79
29 76
60 31
80 50
15 2
34 55
55 79
48 93
48 86
99 57
3 11
39 70
27 78
85 97
95 81
15 96
47 93
13 23
74 69
47 71
93 0
2 55
47 93
95 78
76 65
15 81
10 8
82 43
96 74
26 80
64 76
1 69
74 96
18 99
16 63
47 12
60 43
10 92
54 27
90 23
35 45
12 9
8 17
70 41
82 28
17 45
93 84
31 48
43 97
24 47
29 90
77 72
57 27
86 69
47 24
72 54
82 60
95 98
69 33
57 68
92 8
97 17
83 50
10 95
61 59
40 42
83 29
32 60
26 99
46 4
99 91
62 15
31 27
25 93
9 75
28 90
51 86
10 56
31 92
28 89
3 99
31 50
91 88
39 52
29 5
15 52
80 11
65 68
68 10
23 30
90 89
2 40
8 36
8 65
28 9
53 21
15 84
20 25
12 3
59 88
47 95
24 8
55 45
67 84
49 29
64 33
19 49
31 15
29 32
53 81
61 73
41 97
13 32
88 10
52 35
85 69
84 20
11 8
82 29
40 53
1 52
85 13
48 52
0 73
3 50
11 86
12 33
28 37
84 13
76 39
60 70
42 64
62 29
26 25
18 76
35 75
21 0
78 74
74 26
26 40
37 68
60 96
61 17
32 74
84 51
78 33
31 24
89 3
24 79
21 71
13 75
90 68
75 48
94 7
42 23
58 3
59 66
84 69
79 26
56 57
41 17
50 2
7 37
18 81
35 23
61 98
12 94
21 60
0 17
42 91
39 22
81 14
19 23
73 1
35 42
85 48
53 37
5 47
74 76
54 58
77 17
15 97
57 73
30 96
5 85
87 95
98 29
9 90
86 23
93 19
87 22
86 88
13 55
62 36
52 57
55 22
63 98
83 34
2 34
67 79
55 79
0 76
91 12
48 50
56 22
12 91
12 70
80 97
1 4
48 37
4 65
94 95
91 68
23 72
4 46
35 77
26 90
67 21
9 23
15 88
72 99
45 65
93 96
42 44
56 63
55 26
33 34
38 98
92 17
4 59
84 18
28 10
41 63
70 50
77 32
17 25
0 10
44 30
46 18
52 62
21 86
49 77
93 80
52 95
69 92
47 44
77 51
33 60
97 25
24 75
42 12
5 51
69 47
52 45
72 68
59 31
98 18
43 90
73 81
22 49
31 77
71 52
96 59
11 61
50 89
88 35
84 99
49 54
19 40
11 51
50 93
81 87
46 94
95 91
94 82
53 27
96 99
89 87
41 70
90 97
13 60
69 94
14 94
40 27
95 60
54 63
47 54
8 16
83 36
7 34
11 91
72 97
89 21
7 27
91 27
72 6
58 30
16 44
80 62
89 63
53 14
15 72
9 24
2 55
82 58
29 98
11 78
24 26
43 47
31 26
12 86
25 75
11 82
27 3
58 31
27 57
55 50
18 48
66 93
91 93
78 59
54 91
12 80
77 87
99 19
60 18
50 18
90 45
62 84
42 16
61 95
6 5
69 56
85 35
32 63
76 71
60 31
22 45
67 97
17 51
7 18
86 9
34 8
79 7
53 99
48 54
31 9
99 6
74 57
33 55
2 50
29 81
77 53
16 20
63 93
51 92
22 64
0 85
76 54
72 4
88 73
78 15
47 96
98 59
56 17
75 6
55 86
90 66
34 93
67 1
16 96
8 86
9 18
86 8
71 69
21 30
25 46
9 23
16 41
15 66
7 42
17 63
53 16
72 23
97 9
49 3
78 97
34 9
40 78
25 16
98 80
46 32
85 45
63 30
82 91
83 28
29 74
63 78
39 97
56 97
87 48
83 62
32 54
99 40
95 81
93 23
16 28
42 6
41 85
9 13
19 62
57 51
30 95
10 78
42 3
94 88
84 44
34 47
95 85
90 59
62 3
58 21
71 67
69 4
27 72
59 76
37 29
9 40
28 26
52 68
70 21
9 45
24 23
14 49
17 76
18 47
37 62
89 76
86 68
60 24
36 0
73 49
74 34
34 2
46 28
77 29
16 53
93 69
3 99
78 86
79 75
9 89
23 10
46 35
73 12
15 52
54 90
5 83
46 47
18 0
70 19
57 13
10 15
75 74
29 5
97 94
15 68
32 43
86 17
23 97
18 94
72 1
52 82
37 44
79 85
84 81
11 70
50 30
93 86
50 40
13 77
18 9
5 71
82 93
61 20
10 35
2 4
73 7
61 37
8 52
88 28
90 46
72 96
36 47
46 40
97 78
23 1
22 62
69 85
0 32
18 17
92 51
83 56
38 23
22 91
91 3
49 90
94 15
26 82
40 23
43 82
42 58
96 3
25 56
17 1
21 72
99 60
10 83
47 8
49 86
18 6
89 61
58 86
59 40
36 92
68 28
28 74
69 39
14 33
70 61
80 9
88 61
44 76
86 85
48 70
45 26
81 74
42 49
29 32
56 19
63 68
10 48
16 26
22 70
7 71
39 9
9 2
51 90
84 69
27 26
10 5
20 60
87 11
20 58
0 48
65 83
64 25
38 82
92 0
99 87
47 21
41 96
76 74
67 86
49 17
21 85
30 25
29 95
56 60
24 42
26 53
72 6
90 58
7 45
12 10
58 17
53 15
23 84
71 20
4 17
62 80
41 60
71 96
84 27
56 91
93 19
85 68
72 0
86 36
56 62
0 23
16 75
90 10
61 98
8 39
35 89
43 89
40 59
71 33
53 40
98 0
94 70
73 17
69 15
96 6
5 77
53 55
45 66
66 92
67 26
18 28
40 48
6 55
56 6
35 5
65 9
38 10
30 42
8 24
72 41
55 92
58 44
38 75
77 82
37 70
82 22
54 88
11 77
61 64
8 40
39 31
4 97
80 70
34 44
28 16
0 8
97 94
1 35
90 3
0 7
2 84
83 2
88 21
43 2
12 79
0 11
31 82
14 55
71 57
75 51
91 19
79 84
49 86
4 32
16 12
61 12
8 97
78 48
15 30
43 83
61 41
18 86
27 82
94 25
4 72
52 0
75 64
42 74
34 24
19 33
94 24
66 57
44 0
10 5
47 21
22 23
3 65
29 45
15 3
4 36
18 45
98 95
79 81
33 27
71 35
81 51
72 14
76 93
46 10
52 82
18 0
2 63
29 43
86 82
52 73
60 9
95 31
79 0
22 3
99 27
74 26
7 12
66 10
12 58
97 72
12 52
82 76
10 81
26 46
22 5
36 51
66 14
93 48
42 63
0 98
51 80
97 55
66 89
51 80
22 55
30 54
15 58
84 98
75 19
54 36
57 16
64 60
4 1
73 32
1 97
98 3
7 56
29 81
31 76
93 57
78 87
10 57
67 71
54 85
82 11
91 99
33 22
81 10
77 43
69 46
41 90
90 21
84 67
43 51
27 2
62 19
82 86
11 97
33 42
88 80
8 49
92 13
4 56
16 5
70 38
92 67
49 93
6 94
31 80
41 1
88 40
21 78
68 61
75 12
82 67
39 9
17 49
46 96
42 75
7 5
3 24
56 47
20 55
18 51
39 4
32 10
83 47
25 58
22 96
29 91
63 10
81 75
99 35
58 27
98 99
16 58
14 41
58 6
39 2
47 75
85 50
65 26
79 17
22 9
45 48
34 2
47 70
2 92
49 46
71 70
39 81
66 33
1 3
92 93
68 72
66 82
24 85
32 9
19 76
62 20
9 36
49 47
49 2
46 60
97 87
9 56
5 52
40 46
98 34
49 30
84 99
75 62
32 66
29 50
16 22
60 49
10 48
57 28
85 91
23 28
41 70
2 51
74 13
37 25
69 38
84 46
50 36
25 6
50 32
44 33
72 4
53 19
48 15
2 1
33 71
94 38
73 5
89 78
40 72
80 19
41 89
64 14
12 50
38 57
76 13
12 68
21 37
98 52
29 8
23 3
57 92
88 82
46 90
49 83
31 0
12 77
50 3
50 81
0 22
5 8
65 27
13 91
33 97
72 76
68 35
55 46
1 16
8 5
71 14
12 42
4 32
94 50
39 34
1 73
23 45
87 5
33 83
71 64
7 28
74 15
86 46
28 16
93 19
25 3
15 54
49 55
54 67
10 92
60 75
69 91
77 30
15 44
51 76
57 77
79 35
22 0
14 28
69 79
44 94
81 23
5 75
79 50
4 67
64 56
70 58
2 12
39 98
93 75
48 93
87 45
13 89
53 60
89 7
96 75
47 44
89 66
22 33
65 80
14 61
79 98
38 53
44 92
68 88
92 96
12 7
22 11
11 24
28 27
58 50
27 24
79 89
31 82
10 73
15 27
73 40
99 76
37 73
33 61
8 50
56 59
89 83
68 44
3 38
24 34
74 61
73 18
98 62
61 72
67 27
85 98
5 58
88 48
50 64
4 26
83 49
98 68
80 74
76 39
55 94
42 15
97 84
41 29
47 10
1 92
49 18
71 26
67 36
31 75
66 17
85 73
2 64
0 77
48 21
43 18
64 18
2 7
97 1
32 4
51 94
73 57
21 72
47 57
32 20
85 58
1 61
57 89
18 93
11 55
12 30
62 0
43 49
51 36
44 68
16 90
57 91
10 45
18 46
11 54
72 29
21 31
74 73
45 97
70 51
11 96
26 78
44 48
70 21
33 86
72 36
91 71
11 91
85 81
34 18
59 11
14 89
51 11
63 27
85 55
51 81
8 23
31 37
68 38
96 39
76 87
93 41
3 13
68 18
86 71
45 2
50 73
37 32
86 66
51 15
23 28
31 49
82 65
60 68
23 46
8 78
0 10
96 18
94 41
18 69
89 80
37 68
12 23
47 26
50 43
71 50
8 2
35 11
95 68
33 15
18 48
82 66
45 86
25 31
67 9
34 39
50 9
18 86
84 85
46 14
46 7
30 96
49 54
32 47
41 44
93 23
68 63
94 11
31 61
97 93
83 65
31 46
54 27
13 25
10 20
29 15
64 36
2 69
11 50
35 65
48 66
1 41
98 47
12 96
64 95
97 71
62 43
71 38
20 66
71 61
42 30
88 27
74 21
34 36
18 44
4 0
76 75
41 16
39 95
1 82
31 61
81 84
82 66
61 86
99 23
58 67
41 54
11 23
30 68
42 15
50 78
44 14
18 72
13 99
30 42
20 4
0 46
75 1
77 48
53 90
77 56
62 19
76 70
81 53
68 96
13 78
47 87
5 93
1 25
41 43
18 62
24 75
27 54
77 43
40 91
46 76
70 90
91 95
23 98
74 42
7 40
3 45
5 90
81 53
82 66
69 0
59 66
65 86
45 0
53 82
22 86
82 97
28 14
74 75
64 95
64 95
50 48
39 90
79 99
14 33
54 89
60 26
15 6
88 3
74 13
41 43
32 13
50 32
35 79
59 39
93 55
20 89
82 81
20 39
82 14
91 2
41 53
97 77
57 74
33 68
16 38
47 1
36 41
83 86
6 2
15 70
9 16
5 82
69 16
13 67
83 23
41 52
0 83
85 12
64 99
38 0
53 33
51 84
58 29
60 91
91 63
32 52
19 50
78 6
63 42
56 3
12 5
41 6
20 65
49 89
21 49
33 96
53 70
1 71
80 24
5 7
69 7
19 69
37 72
93 71
98 64
57 27
53 25
14 9
26 51
32 72
23 34
47 28
66 35
14 92
42 62
89 19
56 42
6 10
89 34
1 61
88 1
96 69
50 40
27 35
71 56
1 22
72 99
0 45
24 29
81 30
41 69
25 39
98 40
43 63
3 27
45 39
33 84
21 13
5 96
92 86
46 60
40 3
77 30
12 73
43 66
60 17
33 59
74 4
76 39
1 18
19 81
67 45
16 60
52 93
78 25
68 86
70 7
55 83
56 54
94 13
21 74
80 39
31 36
42 81
1 39
71 67
83 68
2 93
0 89
78 94
85 52
56 90
98 4
73 28
34 33
55 45
38 96
42 33
6 93
79 60
20 4
63 4
49 94
81 75
33 45
59 55
1 87
6 77
18 23
39 8
44 72
98 23
60 88
16 86
87 11
82 60
10 64
10 22
80 8
30 60
45 19
26 65
59 34
12 55
48 99
20 93
28 12
23 80
31 21
42 40
61 62
91 26
83 11
63 20
44 97
70 94
49 11
79 63
50 81
13 55
40 34
3 55
24 23
82 79
31 84
71 4
94 29
83 2
21 87
19 97
41 38
90 43
22 9
92 38
82 90
96 69
18 60
89 39
25 62
64 63
21 87
23 66
86 58
96 44
95 42
88 68
99 33
99 47
81 85
81 89
89 96
26 9
46 49
5 88
55 82
93 70
71 49
55 63
1 65
81 72
60 67
85 82
86 38
18 72
91 68
53 21
14 44
40 53
89 98
50 8
50 66
38 52
38 18
13 69
72 71
83 80
17 4
13 90
45 13
29 64
74 4
29 74
40 90
8 80
27 46
1 14
71 54
93 6
97 8
65 63
73 90
54 73
74 35
70 20
4 32
84 21
9 28
75 14
83 53
17 68
48 70
28 97
61 3
20 82
84 25
24 49
12 98
69 56
49 83
49 77
71 80
6 94
35 65
2 32
94 20
76 1
48 85
97 26
46 80
51 80
88 64
48 57
30 37
21 37
65 7
39 41
41 60
87 83
46 29
66 47
53 37
16 60
30 45
69 43
35 69
88 53
60 7
42 45
0 13
25 24
56 6
24 70
89 86
90 43
95 23
68 6
77 17
84 31
6 45
2 71
21 67
7 4
5 28
56 96
30 95
15 29
62 18
83 99
72 87
50 78
94 39
57 80
13 36
50 1
94 18
47 7
78 85
49 90
89 87
83 20
57 16
47 63
30 22
91 38
33 7
69 44
10 57
23 68
41 36
6 56
22 36
52 24
63 49
29 16
63 55
55 74
95 40
16 34
19 74
94 2
22 49
71 48
4 94
75 21
61 87
24 9
58 73
18 97
32 42
23 11
82 65
27 30
55 75
85 9
30 72
64 45
53 51
61 70
84 12
61 58
46 84
42 87
5 82
65 84
11 78
91 44
70 38
12 10
42 85
6 42
86 71
30 21
77 63
21 72
90 98
78 82
11 40
27 60
25 54
10 77
92 85
34 53
3 92
80 5
94 89
61 66
43 89
67 29
79 47
53 91
96 58
38 88
29 49
38 57
47 69
43 57
69 77
8 42
2 69
34 67
67 6
35 54
51 19
28 83
14 17
12 54
20 24
86 39
91 7
39 43
94 84
33 20
9 18
24 9
33 41
11 14
37 58
23 19
58 31
53 11
8 37
16 75
27 53
99 57
9 12
6 27
87 33
37 75
46 26
50 38
9 2
79 29
1 67
28 10
5 72
61 53
56 26
38 58
26 30
88 33
14 61
19 52
39 26
92 47
88 67
15 4
86 75
39 58
77 59
62 18
30 65
57 67
26 53
8 99
73 66
95 20
61 55
67 4
60 48
17 73
10 62
3 68
67 11
28 10
2 60
41 73
64 10
27 21
52 37
16 78
66 98
96 34
21 97
49 5
55 63
15 4
59 81
58 83
99 84
10 59
36 96
92 41
36 84
40 99
44 50
8 67
51 92
1 57
87 89
69 20
25 11
72 8
52 47
79 90
76 99
88 44
55 99
49 30
69 39
49 0
76 16
89 28
19 37
50 33
74 37
40 48
66 8
56 63
77 35
27 20
35 82
94 68
59 97
54 86
81 4
88 36
98 10
22 10
6 51
19 73
15 48
82 32
68 47
19 64
91 70
16 91
61 91
93 95
66 25
56 95
85 87
74 32
27 58
27 51
93 78
14 49
65 29
24 50
18 97
95 18
22 29
21 12
82 8
84 58
17 15
13 80
92 68
10 29
51 39
82 79
7 89
75 99
97 90
2 22
97 3
1 49
68 42
75 80
73 41
99 49
70 4
90 6
4 9
77 81
28 82
22 12
20 81
75 25
6 43
61 5
83 89
36 92
99 88
66 82
52 25
1 28
5 28
59 74
23 43
41 56
87 68
42 54
49 77
20 91
8 1
52 97
48 54
84 98
52 0
43 93
86 23
88 17
23 26
2 26
42 84
53 37
28 30
93 2
56 27
48 27
38 78
35 33
59 72
9 30
38 62
11 77
84 22
90 3
44 38
7 43
52 20
44 19
19 53
84 40
49 8
30 28
52 89
77 88
80 96
59 68
35 8
33 89
1 39
69 36
10 7
71 44
38 18
28 13
0 73
82 39
82 24
70 50
25 53
54 77
69 55
66 4
94 26
29 70
40 14
21 31
80 74
97 88
82 18
2 45
82 76
13 64
53 4
6 16
54 89
49 53
78 54
44 43
34 53
80 53
44 16
73 67
38 87
99 72
60 39
48 51
44 2
59 64
6 12
56 18
52 9
58 74
89 8
47 79
22 59
7 40
88 87
84 90
95 34
43 77
27 86
38 42
60 80
28 9
74 86
67 60
64 74
52 75
80 32
92 46
48 96
65 6
58 98
40 31
14 50
98 3
87 15
83 38
16 42
57 27
44 54
45 42
89 21
99 92
80 65
1 47
12 65
0 63
11 70
50 62
91 33
88 65
54 19
72 83
81 68
70 94
85 93
68 87
44 58
35 34
34 68
76 26
24 53
39 85
6 39
76 32
69 39
69 89
42 94
66 23
71 65
93 74
98 45
33 23
49 34
90 92
69 19
88 79
51 37
55 72
35 4
0 94
99 60
94 75
43 48
97 55
57 31
97 55
16 17
58 78
34 36
89 29
97 10
79 55
19 83
66 53
24 28
26 3
40 28
12 1
36 4
67 26
68 50
97 52
6 78
82 83
39 91
52 87
10 43
61 51
11 47
35 82
31 39
79 14
60 15
66 22
80 99
48 38
93 98
53 10
67 63
64 68
8 65
97 82
86 40
18 20
70 73
71 39
45 26
1 85
32 31
94 70
18 83
84 42
76 37
73 96
31 70
83 68
94 63
33 11
83 33
2 62
94 93
28 31
92 47
57 75
39 24
31 50
75 23
87 40
20 22
8 6
64 62
38 16
60 28
69 43
43 68
36 33
39 31
6 92
26 20
32 44
70 85
7 49
60 98
41 88
87 94
55 62
63 65
73 44
5 26
91 8
14 37
22 97
48 83
38 29
31 55
26 39
44 26
64 0
0 91
95 83
55 13
59 70
58 7
12 32
40 84
35 27
0 32
14 93
44 90
49 21
78 71
9 54
65 18
61 37
87 8
20 10
97 33
15 31
22 26
60 53
65 18
64 15
28 27
46 7
30 28
15 8
20 57
36 34
83 41
7 30
98 48
96 84
13 25
28 66
24 49
10 7
69 5
53 76
2 80
7 18
87 35
22 66
23 81
26 25
9 83
42 15
96 72
17 3
82 17
25 59
64 18
63 34
36 97
57 26
98 5
41 95
40 78
92 34
72 10
9 11
50 12
89 42
17 91
32 55
27 64
71 56
64 78
27 12
42 27
14 97
61 64
53 93
60 51
77 16
73 14
23 13
7 72
53 73
66 71
48 15
17 47
58 69
65 73
17 57
63 0
47 36
6 72
5 59
63 74
64 80
55 65
12 94
75 82
22 86
18 27
31 48
66 74
15 71
29 51
58 27
68 0
60 0
19 96
16 27
13 92
71 58
63 36
28 55
47 40
66 74
21 26
5 10
33 79
1 2
39 62
81 17
20 87
40 65
55 53
64 22
14 79
51 47
66 2
32 36
11 18
40 41
89 87
51 43
23 25
10 65
97 55
25 61
81 97
57 19
42 13
83 55
21 34
87 5
51 38
93 15
48 67
79 9
9 80
7 81
86 98
69 28
26 82
37 33
4 44
64 61
76 98
66 30
30 82
97 57
25 23
87 10
36 12
4 9
39 27
71 44
17 13
34 20
69 97
73 45
41 16
97 10
24 79
65 37
84 77
31 91
18 35
97 80
49 57
15 92
5 2
97 44
58 11
99 38
90 55
96 49
37 81
74 95
24 81
87 57
73 97
73 60
78 56
15 19
54 81
99 17
6 28
98 79
93 58
87 40
72 12
76 36
33 81
97 59
82 79
99 59
29 49
37 80
75 67
42 64
16 40
22 63
8 84
43 39
55 50
55 50
20 27
91 35
66 36
49 61
78 2
26 1
32 64
73 31
96 54
83 88
93 66
36 18
50 97
62 2
20 6
94 56
59 60
28 15
67 40
98 73
59 28
48 30
5 0
62 57
53 1
55 5
40 70
73 87
40 47
39 35
10 73
27 9
32 71
81 85
63 67
93 81
44 87
7 83
19 45
17 68
74 95
80 67
6 36
50 88
57 64
18 93
92 26
8 23
5 24
51 91
77 66
67 86
22 62
99 85
87 8
87 35
11 26
89 66
37 27
66 53
51 32
2 21
78 63
27 80
63 83
49 18
26 63
36 2
52 86
80 51
71 30
51 95
33 83
21 32
73 82
2 29
40 86
49 54
27 13
4 22
12 14
92 94
23 58
97 57
63 44
63 84
76 74
21 49
31 58
22 35
49 16
24 77
14 10
77 14
42 28
94 58
79 85
6 80
76 32
31 94
56 72
19 78
53 33
43 62
18 45
46 84
96 22
77 70
34 43
59 14
70 88
83 58
8 65
22 81
89 39
2 69
0 60
77 13
98 24
95 62
23 38
56 26
40 67
94 97
29 74
30 56
7 0
92 59
68 24
84 39
61 11
58 52
37 47
24 61
52 93
88 43
0 35
22 49
4 97
86 62
0 43
80 28
90 96
72 61
45 35
38 36
85 57
27 30
76 24
4 82
1 10
67 61
19 32
20 77
3 33
50 80
18 42
57 12
5 37
9 28
46 71
42 90
52 62
21 99
99 35
20 23
79 74
8 36
74 29
37 77
50 74
64 82
25 16
66 75
81 8
21 87
99 8
60 63
47 86
36 74
58 73
31 25
63 8
19 55
77 29
65 51
52 94
90 14
31 59
93 22
59 31
51 24
65 53
48 69
49 80
73 85
55 12
74 64
45 67
62 33
6 43
12 46
71 33
20 18
0 57
62 18
6 16
72 95
36 97
33 24
21 59
38 69
69 2
82 20
59 84
81 45
70 36
29 56
36 14
42 92
25 59
52 62
80 63
48 3
61 71
70 43
96 66
14 73
5 0
99 79
70 83
8 72
71 49
95 29
94 43
20 30
86 4
76 46
29 54
90 29
36 92
28 94
0 70
34 0
55 0
85 72
19 7
38 21
36 45
99 47
37 20
48 35
78 7
36 39
27 57
64 15
66 21
43 54
1 0
69 84
42 56
79 60
84 1
96 21
26 66
42 62
88 59
55 70
94 39
16 31
7 70
57 32
42 45
15 14
88 77
52 27
21 15
56 12
82 23
92 16
55 22
66 97
74 7
27 85
36 64
16 4
1 56
34 78
7 63
91 63
39 88
71 88
15 60
90 96
85 98
72 8
59 25
50 69
10 36
64 33
9 65
17 1
98 2
21 24
9 50
30 25
68 39
47 19
66 27
52 10
70 40
90 13
10 61
19 35
69 53
90 85
49 67
33 26
10 97
53 80
91 55
72 40
59 89
61 58
57 80
48 15
31 65
12 87
73 96
80 66
96 17
92 98
40 21
9 47
66 34
73 98
90 7
40 62
67 48
51 36
20 8
15 37
86 89
9 24
7 68
22 48
6 39
10 22
9 6
25 96
18 3
31 66
40 8
39 57
16 78
14 68
30 29
24 67
69 31
59 58
70 97
17 80
84 82
46 93
31 27
93 72
38 0
85 13
68 40
59 7
1 92
2 62
8 85
78 57
38 10
49 62
12 74
20 75
84 61
56 37
23 15
57 34
15 20
2 5
0 58
72 8
89 54
28 14
22 47
12 25
68 48
76 48
79 70
71 63
33 39
56 71
51 27
95 7
64 60
54 49
55 97
31 70
14 81
61 9
82 10
97 54
58 68
40 65
14 32
88 83
27 36
20 98
23 49
17 81
15 19
24 91
45 66
74 16
83 42
29 20
45 97
32 90
25 94
53 5
54 82
77 92
31 19
78 12
94 92
66 9
22 98
1 15
83 51
21 84
73 55
16 11
15 58
54 41
6 54
34 97
31 22
24 60
83 8
21 96
65 94
18 7
58 98
82 44
72 16
74 26
29 92
66 33
38 69
29 84
60 74
7 8
73 26
97 70
89 76
94 20
80 18
82 56
15 23
72 41
13 1
21 7
69 76
79 28
8 32
58 55
64 84
8 45
3 48
49 21
26 47
2 46
31 55
99 3
7 79
84 8
2 22
28 9
81 80
14 25
64 77
73 57
18 14
77 55
39 18
15 24
42 94
8 23
52 24
44 55
68 70
39 86
30 70
48 24
22 30
87 45
88 58
40 56
41 97
65 23
96 41
13 6
55 45
32 90
26 67
24 87
52 7
65 53
83 17
14 61
20 4
71 95
9 58
58 83
71 68
28 73
81 0
42 7
53 77
51 75
80 55
78 36
34 98
98 30
43 7
44 41
73 30
1 72
3 87
58 32
69 60
33 69
0 55
87 80
94 21
3 95
84 86
80 3
8 55
82 73
87 63
36 3
50 90
88 79
4 62
51 12
53 41
14 95
7 57
80 55
56 82
36 54
90 91
70 81
87 84
75 94
89 14
8 45
29 96
94 95
6 64
64 45
33 69
71 33
91 19
34 51
60 95
83 18
14 20
21 88
10 46
24 81
1 88
40 80
37 27
57 17
66 53
60 49
32 30
91 90
16 90
74 67
2 1
93 89
36 58
2 70
21 0
33 40
64 45
22 23
67 86
56 80
36 23
36 42
34 89
87 78
21 8
68 76
35 2
70 25
33 23
89 42
77 76
32 66
28 72
75 16
20 16
86 97
75 16
96 83
22 87
58 21
15 58
41 39
59 30
50 48
1 34
65 55
31 79
35 63
14 8
78 91
41 84
75 49
66 78
52 70
70 43
83 57
74 9
17 41
4 42
57 11
22 4
32 90
38 54
12 43
67 69
24 85
85 77
11 55
23 41
51 52
25 39
67 66
10 26
99 16
34 59
36 78
56 18
25 69
22 72
83 18
38 60
3 41
9 90
31 95
39 70
32 86
31 33
95 56
45 19
37 67
75 12
98 57
77 69
48 66
57 25
43 62
62 99
75 56
69 47
33 72
74 93
29 21
57 46
37 6
13 29
96 80
18 74
96 65
39 42
62 99
37 10
91 64
27 34
41 13
87 63
50 3
35 98
31 97
13 79
99 95
52 65
96 3
96 56
38 56
25 37
90 48
94 69
50 43
72 46
0 58
69 96
40 54
68 3
30 70
97 53
3 83
23 64
11 89
49 31
32 29
33 98
45 4
69 49
47 64
14 63
77 55
18 0
62 58
20 84
4 63
8 16
78 55
6 8
16 30
15 10
82 67
19 71
76 49
64 83
16 40
31 32
58 31
83 86
36 97
22 69
13 85
71 41
81 93
56 85
34 66
90 60
89 70
97 20
44 45
88 57
51 79
33 45
78 48
54 73
99 71
79 63
53 39
15 30
68 43
47 27
41 0
67 73
13 32
85 65
85 81
83 21
61 52
6 3
29 94
8 19
88 2
94 0
0 68
27 5
32 22
90 93
99 58
20 76
35 5
63 37
44 16
1 65
19 70
27 12
27 19
89 85
49 36
15 14
2 87
70 54
3 18
76 21
52 17
78 50
25 42
36 60
86 51
12 17
9 91
68 30
37 34
92 14
99 78
17 8
84 26
14 30
28 41
49 12
59 20
50 43
35 37
33 13
27 65
63 40
69 47
59 13
56 2
71 96
68 81
83 71
60 97
27 6
24 0
3 92
35 85
41 73
26 30
67 66
61 21
27 51
87 98
14 67
0 37
84 52
49 57
47 11
63 1
5 0
72 37
30 60
66 89
26 42
4 82
24 96
68 58
92 26
31 10
54 38
80 28
69 18
8 66
1 27
70 66
77 94
74 94
30 57
37 86
58 70
44 4
52 72
73 44
77 4
86 51
2 42
50 44
80 20
95 5
6 48
5 35
50 16
13 60
26 7
79 87
90 60
54 49
47 70
37 89
59 93
14 1
66 24
31 92
69 84
36 22
39 28
83 34
42 48
93 86
6 58
8 38
57 64
92 75
7 58
57 49
77 5
15 78
70 93
0 40
52 73
91 43
83 14
40 67
12 38
95 92
47 23
51 85
33 83
85 84
16 54
55 17
86 62
65 40
6 47
29 80
75 55
82 23
98 40
34 71
43 33
49 74
14 61
94 99
72 34
11 0
79 29
85 87
54 37
25 28
59 57
70 19
53 47
91 6
88 68
61 50
37 85
97 65
66 10
9 69
1 88
4 35
49 84
30 20
70 7
62 19
14 75
61 75
73 21
57 22
3 85
44 71
16 46
83 39
58 81
46 97
18 65
57 92
24 45
7 40
40 50
53 32
47 26
21 82
93 97
77 95
40 5
44 65
24 69
65 9
41 66
44 99
88 38
22 61
48 64
68 35
93 45
82 25
32 13
51 89
39 51
4 35
37 70
51 28
25 9
4 26
60 29
19 5
49 32
7 24
7 20
94 58
78 72
40 93
37 16
37 57
8 6
53 41
83 47
91 18
3 22
71 82
57 14
73 58
10 21
77 49
36 19
1 24
64 15
26 72
25 91
46 63
70 39
92 3
6 29
19 59
61 68
45 5
68 40
91 17
47 34
58 95
15 92
39 15
41 56
49 35
57 71
29 97
61 79
51 97
86 37
27 38
23 5
12 66
25 3
38 54
10 48
31 8
66 0
88 74
17 83
24 97
86 64
19 62
90 4
14 92
42 19
36 7
36 95
65 71
54 76
66 56
16 96
36 26
60 27
62 10
23 81
73 10
61 56
33 78
36 47
26 42
43 47
3 82
63 2
8 67
77 7
6 22
55 58
71 73
11 85
9 96
8 39
27 65
28 10
69 76
49 90
88 93
0 22
16 41
91 88
49 41
14 21
74 66
86 68
91 65
80 12
9 67
45 48
25 93
27 64
9 2
46 67
60 80
73 71
96 29
24 21
6 18
75 22
68 18
38 11
9 5
72 74
74 26
22 0
13 63
94 35
19 64
58 24
63 47
97 53
90 67
5 62
71 88
69 20
12 25
96 85
39 63
49 37
53 87
46 84
60 13
43 98
26 20
57 39
20 30
7 85
33 97
78 76
3 74
41 28
77 97
82 87
75 95
13 27
67 5
85 4
50 68
14 30
99 22
91 25
37 27
44 60
21 80
66 2
72 12
30 12
74 67
52 83
23 16
77 91
17 50
1 10
86 44
45 16
39 11
49 73
54 69
61 80
42 90
19 22
71 10
67 58
13 27
51 31
70 98
75 20
71 27
86 63
30 75
14 80
81 62
54 18
44 7
1 99
93 56
90 53
62 65
76 19
47 38
13 30
33 15
80 21
60 24
50 35
69 72
92 61
68 58
10 70
27 83
52 63
13 4
11 44
15 39
5 72
32 61
71 12
4 36
22 95
18 1
64 43
12 83
46 28
70 4
11 60
67 19
68 43
21 98
93 23
50 31
37 29
47 17
1 78
21 85
98 92
60 46
19 57
28 60
65 8
81 93
30 34
91 86
22 32
88 53
67 43
74 95
54 69
61 83
79 44
38 68
17 95
87 86
39 50
67 0
30 37
66 92
84 13
85 64
1 7
87 58
78 59
50 78
90 97
86 66
12 84
28 89
96 25
90 26
37 9
53 55
76 41
37 93
22 80
60 34
1 85
83 81
51 39
9 82
36 8
82 93
41 42
85 56
59 42
59 47
4 34
77 25
0 32
50 15
27 83
43 79
25 19
36 68
96 67
55 59
42 84
53 24
40 22
24 79
38 46
77 7
15 42
4 63
54 14
6 3
12 35
86 85
85 4
5 38
4 40
62 13
14 98
47 42
15 94
78 67
74 73
25 39
30 61
66 75
50 79
52 31
27 13
57 37
0 72
41 88
51 70
72 0
16 12
59 56
5 92
4 33
15 4
76 55
88 35
68 16
56 7
81 95
52 57
46 23
97 96
91 95
93 80
0 26
73 75
30 5
83 12
75 91
16 52
1 42
15 21
84 95
99 69
30 22
99 72
64 34
9 87
97 6
72 12
29 50
63 28
43 51
52 16
88 55
42 75
17 90
57 70
62 23
82 63
16 26
42 59
81 94
99 51
10 18
15 82
26 99
31 85
52 31
59 43
63 67
27 60
84 28
2 53
89 18
65 96
81 52
31 92
62 7
28 32
14 65
82 84
57 6
68 23
51 45
24 72
58 61
46 49
88 33
78 91
52 27
6 46
1 26
10 53
14 30
72 36
26 69
10 55
76 7
54 13
39 64
16 30
71 23
83 21
21 42
89 68
63 87
36 70
45 58
91 1
80 1
56 26
11 2
97 42
21 9
97 52
80 38
30 86
49 53
9 18
76 29
35 65
61 33
74 84
79 56
46 79
20 44
74 0
87 52
15 24
47 45
46 19
4 80
22 85
86 66
65 83
91 85
56 51
54 71
22 3
56 65
26 75
1 14
21 30
8 59
15 76
8 38
54 30
47 2
27 43
18 21
54 72
88 23
3 51
95 89
39 16
30 73
20 74
28 12
44 26
24 12
14 39
40 99
79 81
96 27
91 53
81 17
15 61
1 71
48 21
0 25
42 17
63 39
80 76
42 17
39 6
89 10
31 24
64 52
25 84
58 12
74 45
51 90
19 70
96 76
21 47
98 33
52 48
25 10
66 86
79 67
93 38
2 72
61 31
4 19
18 20
35 52
20 95
43 15
4 11
78 56
56 13
56 3
12 4
46 83
28 37
65 53
3 27
35 62
58 31
2 33
46 76
63 16
4 65
33 34
85 28
27 28
76 68
73 24
16 13
72 62
46 53
72 71
76 31
21 83
45 20
26 10
5 90
22 34
51 69
26 77
96 37
41 66
45 10
32 91
22 6
79 31
60 91
86 0
48 66
15 25
5 20
46 75
20 77
96 88
73 3
60 69
38 53
40 63
27 81
70 23
12 29
82 12
70 82
41 37
94 40
51 82
98 68
28 91
95 96
69 33
28 98
73 25
84 72
94 22
15 92
30 77
64 6
82 41
43 4
25 68
34 89
91 12
2 99
45 60
32 82
7 37
45 34
57 53
50 20
10 8
26 56
65 50
49 34
61 69
19 91
88 69
33 76
33 38
19 52
78 24
23 49
60 82
23 45
65 47
0 45
26 49
94 87
34 78
35 89
85 59
6 26
33 5
1 87
7 47
15 64
61 84
58 65
31 16
5 92
41 25
14 41
76 2
4 37
86 24
2 91
85 44
25 29
93 39
75 89
92 89
53 99
29 54
17 97
9 81
44 59
25 63
77 41
47 18
52 41
59 67
43 56
6 31
11 74
33 80
50 58
96 88
10 0
33 1
67 28
8 12
53 89
53 70
4 54
59 42
7 24
21 62
87 27
89 1
0 58
10 97
25 19
56 28
79 41
88 16
85 97
80 2
66 58
11 14
63 31
18 34
80 76
34 28
21 20
77 2
51 87
65 84
18 20
54 57
8 71
44 95
14 78
99 69
53 23
61 70
26 47
23 81
60 90
66 52
43 96
2 82
93 47
51 8
15 49
47 5
75 13
64 43
55 89
15 12
55 97
91 51
73 75
62 96
56 17
38 82
35 92
22 58
67 33
77 22
9 66
25 26
59 96
32 41
43 96
65 57
24 36
26 57
67 69
85 9
91 58
72 48
77 89
9 52
29 46
82 27
0 2
91 53
28 73
16 72
47 38
3 2
65 14
55 13
34 52
57 5
42 72
14 71
0 76
48 28
19 99
82 58
90 75
37 95
14 39
88 32
35 5
65 53
96 60
0 87
89 77
53 6
90 17
23 80
64 48
41 48
36 48
28 61
43 75
18 44
78 7
24 12
15 78
55 4
18 63
86 16
73 28
34 60
82 42
9 55
14 41
18 48
9 67
56 16
66 30
13 88
73 70
75 3
54 14
2 77
37 50
7 57
87 78
69 84
33 89
67 82
90 97
95 55
77 26
13 70
51 11
42 21
19 87
94 45
13 58
16 12
16 72
74 4
89 60
11 81
40 92
50 67
15 72
36 31
22 74
34 31
22 84
18 48
19 10
32 35
58 72
96 45
16 72
96 29
22 20
83 4
62 74
58 45
45 86
25 34
35 0
47 83
88 26
25 23
33 81
87 94
86 83
61 12
6 33
73 77
10 21
79 60
14 45
35 76
69 21
68 26
13 30
78 87
40 32
16 52
80 31
0 72
28 82
53 50
63 77
3 74
61 37
63 5
66 6
72 47
11 25
89 73
61 32
46 80
52 9
16 92
37 79
60 42
48 23
31 99
73 66
78 20
64 58
68 47
51 46
3 71
23 10
34 38
95 10
66 77
81 78
18 54
37 35
98 8
41 25
76 0
26 98
87 92
94 88
99 47
56 45
10 88
95 52
70 89
34 10
50 66
67 75
88 99
74 97
94 97
37 70
89 96
25 15
12 45
6 43
32 17
28 70
17 66
46 90
81 93
9 15
2 16
31 49
61 37
97 52
71 64
97 5
91 30
76 93
33 7
39 55
11 19
70 78
30 28
75 22
56 49
25 70
79 64
40 35
14 77
97 91
17 41
24 49
96 50
23 86
15 70
51 69
43 14
63 99
32 35
79 46
21 72
15 49
99 97
4 7
90 36
23 53
50 99
8 42
51 65
38 47
39 33
68 13
80 22
73 41
39 38
55 85
63 48
62 40
96 21
48 84
99 82
76 81
52 30
45 65
81 5
95 61
31 29
22 0
55 36
3 43
23 73
20 29
57 40
21 99
35 94
71 65
39 42
69 25
31 91
46 53
75 42
56 98
53 26
39 86
39 42
6 0
19 27
79 77
14 94
5 99
96 11
57 53
28 55
11 36
57 80
86 88
75 62
2 46
12 75
31 65
1 38
34 78
21 64
7 84
64 56
22 44
48 29
12 1
35 16
34 58
65 34
87 67
44 61
93 57
72 57
37 44
98 5
18 30
14 64
57 40
40 38
1 74
53 11
12 59
66 88
39 38
57 46
10 44
18 96
90 13
53 99
98 71
58 89
66 76
68 96
95 1
29 72
48 1
58 67
53 87
88 8
44 13
5 66
45 36
30 25
69 11
5 95
98 34
84 13
63 39
34 37
40 17
99 32
31 13
94 90
91 8
6 34
26 11
44 14
78 2
59 78
55 11
9 78
88 14
65 60
18 92
70 19
43 80
90 49
80 89
37 1
17 11
43 26
73 1
6 85
75 14
53 31
29 59
88 7
47 56
11 15
45 50
30 51
36 92
8 0
79 96
10 46
54 47
77 91
18 53
85 59
31 17
31 91
12 66
90 68
51 67
68 63
64 20
37 72
33 18
73 89
80 0
56 31
77 54
41 28
2 66
41 36
81 16
58 34
96 68
65 22
36 3
17 24
18 86
43 52
14 85
64 13
59 63
14 43
24 18
75 99
76 49
58 59
67 1
0 51
51 56
37 14
31 63
31 90
37 79
70 36
10 3
5 62
46 26
91 3
97 27
52 6
35 58
6 42
70 97
30 81
60 69
43 91
56 50
39 47
83 13
91 56
28 81
21 49
9 89
6 75
30 78
40 14
53 75
10 91
38 14
36 49
39 27
67 29
47 94
72 48
37 84
94 60
56 4
89 2
13 5
10 55
42 28
75 65
46 97
1 34
14 72
65 58
40 22
66 42
58 62
5 16
38 7
4 35
4 2
80 62
76 99
57 82
49 1
53 0
44 27
7 97
49 55
14 65
82 81
18 35
24 75
94 67
58 15
4 74
9 89
94 20
77 93
80 82
2 66
43 93
13 54
0 93
36 76
60 59
73 37
67 87
81 23
78 56
94 60
39 80
88 27
61 52
70 56
0 14
49 59
96 17
9 63
26 59
1 40
71 1
25 75
20 18
56 92
30 17
56 45
58 43
10 33
20 48
3 40
83 93
65 67
93 92
62 20
56 34
61 93
31 99
82 2
10 26
61 46
8 28
83 67
72 30
89 40
98 67
67 98
83 95
70 90
83 68
31 25
41 6
61 38
92 51
57 90
86 84
54 90
70 56
86 99
13 43
65 52
85 52
68 1
9 5
4 83
54 8
1 54
32 70
25 41
17 15
43 10
13 39
60 47
24 63
16 3
97 4
27 50
68 78
78 42
5 80
29 95
40 17
84 9
37 2
28 6
22 11
34 67
1 78
2 67
6 75
84 71
74 96
84 13
43 62
61 88
97 87
77 27
32 88
41 22
97 44
62 42
33 0
17 41
41 2
74 52
11 5
46 21
26 68
65 27
13 58
81 84
95 9
53 31
80 6
75 49
85 1
43 57
82 80
77 91
9 26
37 55
93 56
4 0
67 31
19 74
90 61
93 49
89 45
28 12
90 42
34 75
8 43
5 62
8 91
94 50
64 79
26 80
63 20
5 78
47 63
17 43
94 2
48 83
56 5
47 24
27 58
14 9
2 69
61 9
42 30
47 5
44 84
88 78
40 56
44 5
49 20
49 54
96 59
52 14
24 75
13 4
55 90
47 80
10 92
94 51
90 17
82 61
66 75
97 1
48 58
74 59
24 95
93 28
78 26
18 12
42 23
30 20
41 79
40 33
25 46
5 76
75 18
35 11
72 46
11 36
81 96
73 60
66 74
31 14
76 52
56 78
15 35
4 68
21 90
63 47
17 61
66 4
57 62
57 68
45 48
48 6
19 82
90 25
34 2
92 3
65 66
18 73
61 39
59 15
60 73
71 45
79 91
45 16
50 87
60 59
78 12
20 28
11 79
83 39
80 43
43 10
33 19
5 36
64 35
70 68
35 57
29 66
17 20
26 62
11 47
39 41
24 48
80 21
7 32
34 13
85 71
77 64
30 91
32 29
64 96
72 29
87 34
67 80
68 77
36 7
54 56
58 71
61 81
40 83
82 49
61 81
4 96
27 82
28 67
11 46
32 2
64 20
19 55
28 33
55 3
70 68
52 20
26 34
0 1
33 13
16 73
80 53
74 40
2 31
51 21
97 11
68 2
62 66
43 9
48 49
79 54
95 14
38 32
97 41
83 60
11 10
99 91
1 15
16 42
76 31
87 14
95 73
7 3
4 94
76 24
61 26
29 99
46 65
0 73
73 30
86 75
48 78
28 26
27 30
31 55
97 54
77 0
50 8
17 81
49 30
44 71
92 42
72 23
32 93
84 17
98 65
18 29
35 18
9 39
60 38
6 43
82 21
22 20
58 19
97 74
74 4
81 54
67 49
62 23
28 21
96 23
63 37
20 65
88 38
54 33
96 55
10 86
18 8
81 3
55 35
81 83
78 48
29 22
2 77
32 12
83 25
97 42
3 64
68 93
39 42
84 48
26 74
93 79
62 39
71 70
25 11
35 76
80 93
38 58
13 32
2 15
15 31
9 11
1 88
68 86
43 39
27 64
35 64
89 30
43 92
65 27
98 30
56 83
20 74
65 87
7 97
70 72
11 17
9 59
83 82
59 82
74 40
19 0
6 71
16 61
59 96
95 74
47 0
76 97
57 25
75 73
89 30
21 39
30 12
33 3
20 41
15 82
27 55
5 15
15 18
74 9
79 32
52 95
93 57
61 78
71 85
41 18
59 68
21 82
0 99
74 49
31 89
42 52
17 97
37 3
35 3
44 22
41 31
82 66
99 62
5 48
61 91
44 63
12 22
19 85
22 10
85 91
78 22
74 3
34 2
92 66
55 77
91 53
77 5
40 93
50 84
72 89
38 82
46 44
63 29
74 14
66 81
93 84
71 22
83 89
74 67
67 20
0 6
43 8
81 0
28 65
78 6
22 16
23 13
17 68
65 92
10 90
51 5
93 97
66 38
41 75
14 27
0 75
26 3
58 75
13 88
65 78
5 0
99 2
47 57
30 84
36 86
15 83
32 78
14 83
61 49
30 14
7 88
3 39
53 8
16 84
19 38
78 11
13 11
13 45
87 33
64 28
57 51
74 42
51 58
25 26
73 75
41 98
2 30
75 31
71 9
52 57
90 45
28 6
5 86
86 82
14 35
83 55
79 78
27 10
99 26
30 78
40 38
72 60
44 13
94 86
43 49
62 4
63 30
11 71
1 72
44 89
95 35
33 30
23 8
72 14
8 92
62 52
18 63
32 69
22 54
97 21
97 24
19 41
52 76
46 19
23 80
93 82
42 34
79 35
66 74
59 94
92 26
85 74
33 34
19 16
5 97
37 68
68 4
87 52
10 58
0 78
67 10
64 0
21 63
11 4
22 96
78 92
18 42
39 98
98 5
17 35
70 91
33 87
43 21
39 63
79 13
48 3
27 72
62 91
66 24
48 13
13 79
34 77
76 7
97 64
57 69
92 95
28 26
47 43
93 4
83 7
93 46
61 97
34 32
52 41
94 10
67 6
42 64
32 90
99 2
49 52
63 35
73 13
34 83
64 23
13 27
81 66
58 65
37 58
24 78
40 52
21 94
73 53
65 97
84 26
4 44
17 20
47 74
81 65
34 11
36 6
6 13
62 82
87 16
28 63
71 61
73 6
72 18
75 83
8 42
66 13
90 22
17 78
56 5
11 16
80 10
60 25
28 70
51 9
45 59
17 64
8 87
76 69
60 84
77 51
23 97
42 13
57 73
9 71
95 0
5 14
96 35
96 3
76 31
4 67
17 54
95 47
66 41
58 20
69 47
40 96
7 83
10 54
25 31
63 79
67 6
88 20
76 91
56 52
96 57
10 41
6 63
59 40
68 84
9 54
51 14
82 50
2 49
0 25
33 34
55 27
70 48
67 10
83 35
14 71
78 35
91 76
39 49
15 10
34 52
4 75
32 41
79 34
95 70
76 81
43 23
69 74
95 25
33 73
52 77
0 49
57 77
2 85
61 79
77 63
81 61
99 8
5 39
67 56
20 47
35 40
34 38
0 21
31 15
58 11
86 75
3 67
13 25
31 44
38 18
66 42
18 99
35 85
36 69
37 14
54 10
5 87
8 22
46 7
62 72
99 44
62 42
68 91
72 44
98 92
56 36
12 32
51 35
32 58
59 42
39 97
22 12
48 66
87 19
16 10
64 25
95 1
24 41
0 79
5 28
56 34
21 2
51 56
82 11
98 90
79 24
81 79
91 36
58 89
11 75
26 48
13 83
67 30
88 87
59 75
30 97
92 36
61 87
28 75
8 48
18 58
73 29
28 26
76 89
64 31
44 36
99 76
78 27
20 88
39 46
66 15
6 96
24 31
22 64
97 90
19 43
66 54
86 25
4 92
36 6
26 31
66 52
68 91
23 18
41 51
33 36
97 22
42 0
3 15
72 9
17 40
3 68
93 84
34 30
90 22
77 48
36 92
81 73
71 26
7 93
99 6
97 27
88 10
90 6
16 47
98 97
56 6
42 73
37 67
4 15
25 47
48 3
20 81
11 51
57 55
87 64
49 55
28 40
32 81
48 41
78 53
9 7
92 5
15 86
16 38
53 1
6 90
44 85
38 29
0 39
79 91
12 22
25 13
93 47
79 26
58 57
40 20
32 16
7 94
94 8
34 44
8 63
88 60
6 34
81 31
11 93
1 85
28 32
46 11
28 73
39 24
9 35
85 0
18 7
94 70
49 20
75 48
67 25
82 57
20 19
73 46
29 69
93 29
77 37
14 92
42 93
76 46
35 78
29 10
34 61
52 67
41 77
6 25
97 63
59 71
18 32
71 99
56 26
34 51
94 56
11 16
13 34
16 49
14 20
20 30
70 63
88 59
31 11
78 66
36 6
48 79
75 96
66 75
18 22
10 21
11 87
7 53
89 77
41 81
71 20
39 4
35 98
18 62
73 33
24 74
93 34
34 47
15 55
79 28
60 20
16 47
56 99
49 90
88 50
89 79
76 61
2 42
60 53
65 25
16 27
61 69
47 77
60 33
3 85
68 72
46 83
52 75
50 44
71 28
99 37
59 67
42 58
54 15
94 17
59 42
6 57
88 82
46 19
29 80
54 86
19 86
62 74
29 91
11 46
88 81
82 70
7 60
31 47
76 60
9 80
39 43
83 60
85 59
11 93
99 23
23 84
55 15
14 60
64 22
53 8
98 77
66 35
45 62
48 95
80 78
94 34
51 97
82 53
19 62
30 86
88 86
16 32
29 66
27 8
83 30
82 8
83 58
51 69
44 66
44 92
11 33
62 72
50 13
34 27
36 64
64 36
71 79
79 10
29 11
48 88
4 2
5 82
8 59
34 52
14 56
49 55
44 89
98 39
65 51
66 55
43 30
80 5
8 25
73 86
43 70
12 31
16 21
12 18
75 46
1 93
1 33
4 35
91 81
65 61
98 70
23 36
68 11
6 54
40 10
15 90
0 26
12 48
14 73
34 52
65 21
89 48
91 94
20 32
75 48
28 6
48 6
3 25
9 69
97 5
61 25
39 88
26 30
75 90
85 44
59 27
1 66
16 37
73 66
90 87
72 39
28 57
83 52
9 49
60 27
0 55
65 7
48 58
65 17
16 96
50 20
7 59
97 84
53 85
73 22
47 1
92 62
45 97
26 63
77 47
59 76
32 12
42 40
15 87
55 26
86 66
18 95
32 62
94 30
26 91
63 50
80 92
88 20
3 78
75 15
97 8
15 1
78 38
54 43
24 56
71 68
26 34
69 20
2 30
18 62
43 64
68 95
99 28
58 82
20 32
7 36
3 96
18 36
73 61
61 84
42 95
78 29
50 25
55 59
94 9
45 35
8 24
51 7
26 51
85 51
70 68
75 6
18 80
84 4
63 68
61 24
64 14
39 13
38 35
43 41
62 56
85 11
70 78
60 17
74 29
49 23
38 18
12 24
79 9
33 93
91 0
28 32
99 69
39 80
93 16
82 50
8 30
13 96
43 36
28 25
26 19
24 13
88 35
71 95
89 27
81 18
8 40
72 2
4 80
70 28
87 73
80 58
83 14
33 58
61 8
94 68
62 56
70 50
53 23
64 8
93 8
75 55
83 75
14 66
30 47
7 68
65 61
1 26
81 19
86 32
81 6
8 24
56 49
27 78
38 40
60 47
85 49
95 43
6 92
79 96
25 42
6 26
40 87
68 5
42 81
44 14
76 44
24 9
78 86
19 54
15 92
84 79
2 76
56 88
88 83
3 4
32 16
9 41
97 9
62 34
50 64
10 67
42 37
7 80
94 32
54 49
30 40
21 66
26 41
4 58
59 36
28 40
88 96
38 65
90 37
19 43
38 58
24 15
96 2
27 31
64 26
20 48
98 93
14 54
86 21
17 85
70 45
4 92
26 86
0 68
43 34
37 48
79 80
55 50
73 57
64 95
44 85
91 52
2 15
62 80
55 23
7 68
93 5
76 67
84 29
53 13
70 56
96 72
7 24
31 23
5 45
86 4
21 73
99 20
23 72
52 76
20 66
19 10
50 98
61 94
61 45
84 38
28 63
55 5
15 55
44 20
45 92
35 52
48 40
14 73
12 44
41 40
32 4
61 58
61 25
1 2
85 26
73 26
82 55
67 74
49 26
12 72
87 89
34 75
94 93
43 91
3 2
31 99
54 72
50 47
2 17
9 0
93 95
25 45
59 4
90 3
10 82
51 3
41 25
19 98
62 90
53 43
27 37
78 63
28 22
38 79
63 57
95 75
7 89
17 14
43 74
26 40
99 39
25 28
24 19
37 99
79 50
73 33
81 71
32 71
0 55
42 68
65 90
28 62
95 4
79 17
23 63
85 54
14 9
65 67
75 16
91 4
29 82
88 62
86 87
73 1
28 79
43 15
20 85
43 78
77 38
65 75
74 72
67 82
74 41
96 49
97 41
74 4
80 65
77 83
83 1
94 57
36 55
80 97
54 76
19 18
50 91
62 76
17 99
10 21
78 66
58 20
7 23
22 10
80 72
1 47
8 31
67 48
57 91
72 56
59 54
8 75
71 87
85 41
36 97
82 35
45 17
3 65
19 69
52 49
46 31
82 93
43 22
2 47
46 94
48 72
21 91
45 58
69 5
8 77
59 50
80 56
15 27
86 9
43 61
65 60
66 18
97 48
14 42
37 92
77 74
46 63
23 32
46 89
41 73
64 83
61 66
35 78
46 33
74 15
82 59
44 98
99 65
82 28
93 91
45 84
44 43
8 87
40 99
11 4
57 72
62 80
13 60
19 71
39 85
36 98
56 31
73 52
31 41
97 90
33 88
64 13
86 42
45 91
22 54
56 34
91 35
26 55
11 23
34 80
0 90
49 42
88 12
95 81
38 35
71 99
41 63
7 83
45 2
45 42
14 23
64 79
57 55
12 0
31 24
65 25
55 26
13 30
84 33
77 69
31 18
20 17
39 25
87 29
6 31
76 59
31 66
14 7
94 74
43 93
15 67
89 94
88 40
64 68
14 29
17 95
89 84
57 43
44 56
2 23
97 87
27 59
79 92
40 43
3 27
33 59
47 71
22 32
62 50
98 0
33 87
73 20
77 70
31 71
81 94
11 52
56 39
0 26
79 90
32 54
22 23
93 19
11 95
97 43
58 30
73 39
48 80
89 45
91 98
98 53
65 12
91 35
40 61
75 44
72 52
20 18
69 42
43 18
61 65
95 47
65 24
75 82
96 58
89 63
23 61
11 9
95 85
62 60
82 86
24 88
25 1
90 9
38 40
70 33
98 77
18 34
86 54
0 21
43 35
27 41
81 38
21 88
15 47
65 10
4 5
72 49
25 42
79 46
17 61
40 4
62 23
77 86
1 87
16 96
94 81
20 63
76 41
79 32
60 20
45 29
2 61
4 54
27 92
22 26
61 74
18 68
45 28
42 24
17 7
68 31
74 88
28 6
67 15
36 94
90 7
93 15
58 6
74 96
82 51
14 56
0 75
77 22
18 81
46 52
54 43
86 16
7 22
64 58
96 9
19 40
25 34
36 32
75 95
39 7
39 97
32 61
38 13
45 52
97 98
57 43
49 26
6 75
14 23
19 27
77 20
11 26
28 55
30 8
78 83
66 58
41 85
35 76
48 88
11 32
42 22
73 29
61 87
75 74
12 9
71 30
91 0
53 95
7 51
67 32
10 27
30 61
27 46
67 54
70 52
20 27
59 21
27 9
69 58
46 20
11 75
79 1
91 51
45 80
17 30
70 62
35 88
14 63
31 88
52 58
20 7
75 88
1 91
84 46
73 75
80 54
18 91
84 87
1 28
43 5
56 24
96 15
39 24
7 54
83 94
99 68
80 9
36 58
64 53
42 65
93 75
47 61
36 5
12 48
15 34
63 81
69 95
33 77
25 99
7 60
6 25
99 78
3 63
23 67
90 57
30 58
68 94
23 62
61 41
69 62
96 29
76 8
46 30
5 93
20 76
21 49
22 19
27 95
15 28
11 36
67 78
13 80
60 73
93 18
86 99
47 16
78 19
14 75
22 41
64 77
69 20
62 25
45 89
38 40
10 12
36 74
28 18
87 47
48 52
50 29
0 57
18 14
64 61
77 68
0 3
37 98
50 34
85 26
74 49
51 77
89 79
51 4
81 44
33 75
94 35
85 68
38 74
35 80
73 35
39 80
33 11
11 79
17 59
50 97
55 71
75 35
20 38
59 91
56 18
38 84
32 13
19 63
47 26
30 26
44 51
77 67
16 5
97 32
98 23
39 46
87 69
86 50
37 28
21 62
8 78
4 26
82 81
78 48
65 18
67 18
39 58
8 51
34 53
23 28
38 88
49 92
59 22
60 38
6 13
52 24
64 0
92 48
67 96
29 7
98 8
30 22
78 88
93 78
8 87
35 41
90 54
73 32
40 21
43 66
49 48
10 12
84 23
85 99
18 52
38 0
33 70
78 56
37 67
41 20
88 3
0 46
15 62
98 39
85 72
51 53
49 76
1 86
61 50
85 30
74 84
64 63
38 92
34 91
52 6
3 76
59 60
7 18
81 90
5 64
31 94
71 69
43 31
74 34
21 47
16 91
84 65
62 9
69 76
98 46
16 9
77 74
38 84
63 35
64 56
73 32
96 21
60 35
30 33
25 72
23 47
20 37
1 9
83 28
59 38
34 95
80 66
5 64
76 61
97 77
47 18
74 47
82 2
44 26
63 93
94 38
58 44
62 23
90 67
73 87
28 7
82 62
51 58
78 27
56 45
58 25
24 73
78 88
75 99
22 66
55 11
68 2
51 97
24 6
20 29
72 27
77 27
48 23
97 53
27 68
92 52
14 60
92 54
47 10
41 86
62 32
77 76
78 56
60 30
12 43
69 26
17 68
90 58
10 4
42 10
31 19
35 62
54 67
60 36
42 48
33 56
0 52
56 66
0 22
73 31
49 94
25 26
40 7
34 70
17 86
67 77
16 39
65 19
89 31
43 33
15 9
83 11
46 6
77 46
56 46
13 50
80 21
81 37
68 15
59 50
88 97
12 89
51 14
96 32
49 40
64 98
17 79
6 70
79 24
86 74
13 2
37 3
70 87
39 6
22 42
97 99
10 21
75 72
50 54
76 73
82 81
53 21
94 22
3 65
47 90
83 94
85 90
33 70
5 55
9 18
21 13
64 31
44 91
12 41
74 0
84 80
61 46
49 33
84 75
55 43
70 38
28 41
28 37
22 95
91 93
9 0
77 30
57 73
19 92
35 99
28 15
32 52
76 26
98 4
24 54
26 64
37 54
38 37
46 96
57 84
53 67
63 16
99 72
58 70
35 60
15 40
63 91
67 55
37 15
56 42
44 51
64 3
10 75
87 95
88 47
27 11
38 46
5 67
90 94
31 76
62 85
82 43
76 47
67 17
77 6
83 96
71 35
99 48
17 91
9 16
47 97
50 10
12 2
76 98
49 29
22 63
40 5
22 82
7 27
42 32
48 98
50 52
27 50
44 1
59 42
94 90
63 78
79 81
62 7
24 89
71 83
61 16
80 13
80 15
43 2
37 55
21 87
34 36
27 19
95 81
8 20
90 97
19 51
99 90
97 34
6 60
60 33
64 51
57 91
17 71
28 8
89 74
21 12
85 39
30 16
5 70
4 5
45 0
29 63
42 59
87 71
54 71
13 26
42 13
14 48
6 57
25 77
64 59
5 85
8 86
12 53
61 85
0 71
18 39
19 92
46 58
39 20
80 3
0 23
37 47
69 14
32 12
69 9
80 46
85 99
98 10
84 49
58 14
99 43
56 8
53 34
78 11
41 46
99 55
80 65
40 49
98 4
64 14
37 20
90 38
72 34
53 40
74 78
48 54
81 56
25 71
48 10
25 97
82 24
80 17
97 7
14 68
33 23
15 65
36 84
68 42
82 12
68 80
90 27
55 56
83 34
38 22
52 2
97 99
57 71
91 59
77 17
92 6
67 66
43 98
7 45
7 64
39 94
30 12
27 97
70 21
2 91
48 78
49 60
23 98
70 41
91 23
30 79
75 14
49 16
53 68
24 7
22 15
76 79
24 92
59 4
56 2
89 31
60 87
52 96
52 80
31 28
39 31
47 90
39 98
85 46
93 61
92 39
48 3
32 4
29 55
46 75
48 4
56 44
18 19
11 87
54 31
61 65
85 80
3 61
25 11
40 17
59 86
51 76
39 43
57 49
19 12
27 55
49 84
71 12
17 74
4 72
19 40
86 23
78 44
56 17
49 61
38 78
90 79
74 14
71 46
6 28
65 50
27 0
32 48
61 5
92 76
47 57
58 95
40 15
60 74
46 98
95 7
57 71
71 6
64 16
40 28
42 97
53 83
43 57
10 83
27 77
85 10
0 87
66 90
68 97
96 57
16 59
38 23
33 55
60 6
60 7
37 52
81 0
95 89
97 21
61 92
50 56
97 64
98 10
15 36
36 17
12 62
38 79
74 52
51 44
32 76
68 0
70 26
67 70
24 16
77 2
13 71
35 18
95 15
22 57
45 84
93 14
84 93
56 79
21 65
48 14
83 78
22 28
28 92
41 36
96 79
39 15
24 45
0 94
24 25
64 24
21 98
63 45
82 48
35 25
91 58
88 37
49 30
97 11
6 60
51 67
49 6
10 26
9 30
10 41
60 19
36 8
17 87
64 42
61 35
11 33
51 15
85 8
99 15
90 74
6 83
38 12
4 37
84 52
43 31
73 45
16 84
71 8
15 95
11 17
58 78
91 71
31 10
95 51
36 78
20 39
40 51
38 92
64 29
29 60
55 40
45 16
32 75
21 24
5 7
14 55
94 15
50 59
15 7
20 14
92 29
23 35
25 91
85 7
17 52
80 73
36 40
26 93
86 8
83 46
78 20
71 98
36 67
45 57
8 74
37 43
58 88
88 73
7 34
30 89
45 60
32 3
61 40
87 65
76 15
54 75
3 51
75 92
65 18
23 1
52 33
69 57
4 27
62 3
26 27
57 39
0 47
47 90
40 46
75 91
89 98
32 96
86 65
74 78
24 87
7 71
91 20
22 74
58 84
89 28
61 13
32 13
94 7
45 50
0 31
25 94
30 15
37 49
16 54
20 49
73 99
13 84
8 90
62 60
40 91
20 32
25 0
73 37
44 68
44 21
21 37
44 49
54 73
97 14
82 88
47 14
37 32
16 49
32 27
86 46
89 81
10 41
28 70
81 52
39 8
24 33
32 35
73 92
34 83
49 10
64 12
71 95
16 14
48 64
37 39
28 26
65 91
25 17
73 82
38 11
35 56
20 1
2 22
83 26
66 56
37 95
39 49
94 29
78 25
98 15
43 61
50 58
48 58
39 62
61 72
11 84
64 93
27 31
50 22
81 15
65 4
12 65
79 98
96 64
63 99
14 77
14 55
49 65
38 20
31 20
87 52
50 52
22 52
94 19
39 85
6 90
66 43
35 58
53 34
43 66
79 19
1 15
62 10
56 34
55 17
92 69
40 11
84 11
81 18
32 49
75 88
27 43
25 87
73 47
23 10
85 14
6 19
22 82
41 40
34 15
40 91
16 30
7 14
30 73
79 27
8 93
13 34
50 34
18 55
0 47
47 55
51 99
93 86
0 22
52 87
76 22
55 86
9 61
68 4
85 61
26 66
47 15
50 53
10 82
41 66
2 11
79 73
55 28
61 59
12 66
42 20
13 36
81 46
82 60
29 14
4 73
32 64
31 1
79 75
11 41
67 32
68 46
94 22
1 27
94 35
2 32
5 98
56 63
72 94
24 85
61 41
2 82
44 62
58 61
64 1
96 41
58 33
48 15
73 32
43 38
68 46
45 16
92 51
57 48
54 60
17 41
20 10
57 98
24 44
82 56
59 70
94 8
88 69
78 56
8 67
9 74
22 9
61 60
43 92
22 27
7 47
37 62
72 75
53 31
51 85
21 37
72 75
77 42
94 66
31 9
7 77
3 32
93 96
12 66
34 95
93 57
88 78
94 43
78 81
3 87
49 46
73 46
1 41
66 93
5 10
32 48
43 56
93 89
53 7
91 33
47 10
22 29
51 55
84 92
70 25
80 63
90 17
74 89
66 98
91 47
46 68
95 67
57 54
5 10
19 70
22 23
88 94
68 76
42 57
83 34
50 55
13 46
88 14
90 37
3 75
90 32
39 80
11 69
62 69
22 51
55 40
63 65
78 1
98 69
7 36
51 4
91 71
90 9
5 79
20 23
73 5
9 14
0 63
57 74
40 52
85 56
70 96
6 49
62 89
85 18
82 26
30 55
36 24
55 17
47 81
97 46
53 19
1 96
40 13
92 14
45 6
94 58
17 46
73 30
5 17
13 72
3 32
47 50
97 19
12 22
65 16
85 69
45 54
27 23
65 0
58 37
99 83
5 80
96 24
21 29
90 45
71 20
99 40
10 70
58 9
22 67
57 5
82 18
66 44
57 77
78 72
81 5
97 91
34 33
52 90
40 29
24 36
58 90
94 10
10 7
73 1
4 81
65 98
18 83
59 30
68 81
76 52
67 92
1 85
53 17
74 31
51 76
30 53
79 47
8 79
20 69
66 53
33 86
76 69
58 19
82 48
44 96
51 42
6 87
47 74
92 23
98 60
10 84
56 62
48 97
57 61
98 77
32 73
44 90
23 20
98 45
16 42
77 21
92 18
73 95
39 19
40 28
3 18
3 27
66 29
51 47
83 66
34 23
30 92
84 79
65 43
63 52
69 97
81 34
23 32
51 31
42 0
17 72
51 45
46 22
23 96
96 4
98 87
8 16
41 77
83 2
23 61
44 24
26 0
98 20
94 30
29 73
3 97
9 13
8 42
4 12
96 50
94 74
47 2
60 15
83 24
88 70
66 8
1 3
66 49
16 83
9 35
88 61
83 63
97 62
60 86
65 70
49 10
40 79
20 90
64 36
23 97
14 91
22 60
95 36
11 0
4 7
72 6
15 60
4 34
42 66
25 9
78 69
36 78
27 15
85 42
67 46
84 50
21 99
50 56
9 72
94 47
27 51
70 18
65 89
41 34
51 96
55 7
9 83
16 92
41 55
99 63
86 64
47 28
11 55
44 98
45 62
54 26
44 52
73 57
64 17
31 75
77 53
35 39
46 89
58 33
66 49
95 74
6 61
51 61
37 47
29 55
26 57
38 11
11 23
34 26
9 66
65 60
17 63
81 30
98 65
38 17
79 23
95 8
84 57
94 73
93 90
65 56
96 11
1 12
79 54
89 41
68 7
95 79
14 78
45 69
92 89
40 3
52 80
0 14
48 27
29 74
19 24
44 98
18 79
6 84
92 11
56 31
78 65
28 14
57 76
9 7
78 43
56 85
56 0
95 53
96 95
69 63
3 17
88 39
75 18
23 15
92 36
37 41
45 16
33 32
79 64
89 60
24 9
85 1
52 39
48 1
94 39
84 29
74 62
56 3
72 85
31 36
15 49
15 28
50 87
32 93
60 75
34 9
19 71
35 23
1 28
9 49
81 86
3 49
10 80
38 77
34 41
17 15
93 46
58 66
38 57
7 44
22 66
24 99
74 15
20 65
56 79
12 0
67 15
11 92
33 18
55 13
4 47
74 62
53 0
15 39
30 57
99 21
37 22
74 38
17 27
64 80
67 76
72 74
28 59
52 13
9 50
65 25
49 66
4 21
18 58
19 49
14 68
5 49
19 57
31 98
0 96
98 59
80 81
89 2
15 99
27 56
52 76
55 95
54 62
17 80
4 48
85 9
49 24
81 44
28 9
75 16
93 13
60 32
34 33
44 30
46 71
96 56
19 22
47 65
23 1
30 64
25 70
11 49
65 11
39 9
69 41
18 93
87 69
97 70
65 49
3 20
12 60
77 36
13 42
94 43
84 50
70 37
89 5
79 10
61 65
50 36
94 47
6 94
92 58
63 81
3 19
12 45
72 3
43 9
83 16
83 1
83 80
68 1
0 6
52 49
9 73
45 7
99 44
18 46
41 74
20 13
76 12
2 94
57 90
27 74
23 51
35 75
85 60
66 0
56 6
77 37
47 77
8 93
24 77
63 44
85 15
37 52
5 74
85 70
68 62
21 24
72 78
1 64
79 63
13 14
51 13
84 59
88 67
85 54
57 17
87 44
96 77
93 25
6 26
58 90
75 10
72 36
13 58
68 33
72 63
65 64
76 12
83 12
12 87
77 38
30 62
67 61
72 95
91 66
99 83
19 78
87 81
52 9
90 35
86 10
15 65
72 11
70 31
46 85
20 36
9 97
11 68
69 68
69 96
12 61
30 14
40 48
5 85
83 56
48 10
27 81
85 44
9 20
50 91
58 85
60 0
85 87
41 87
14 87
37 8
22 83
20 9
10 16
17 4
35 20
50 60
8 63
47 26
41 59
88 4
90 44
68 62
27 33
6 47
60 28
44 14
43 23
84 27
85 24
82 60
29 99
92 9
61 13
21 24
77 9
47 78
11 49
8 60
14 27
58 54
16 7
57 32
31 59
44 94
78 92
87 4
30 2
41 23
10 0
38 40
7 63
86 46
62 44
75 1
69 31
84 88
76 26
69 62
81 5
54 29
72 68
60 22
39 84
57 46
66 7
0 25
80 5
9 63
18 33
82 94
25 43
70 9
16 98
42 58
46 64
17 78
82 65
51 96
67 39
98 0
19 30
83 85
4 7
65 14
84 86
65 50
22 1
94 49
92 53
10 23
36 27
80 12
55 60
30 14
35 98
14 82
45 81
29 74
44 29
48 9
0 36
78 80
9 83
31 19
48 35
77 15
21 75
34 30
72 92
87 63
70 35
55 66
1 86
51 99
22 24
99 84
37 80
97 98
40 6
51 7
6 1
17 42
27 79
18 57
46 67
32 33
4 61
61 2
28 83
35 19
18 30
3 4
1 81
17 20
79 24
19 77
73 21
74 61
38 97
15 45
25 53
96 14
82 24
72 18
49 27
34 44
70 75
89 58
29 64
54 63
99 34
96 68
40 83
63 86
97 78
51 73
86 83
30 0
54 16
20 17
70 84
75 36
76 79
35 64
92 18
78 68
38 99
77 84
69 77
3 58
2 45
41 54
6 85
77 63
34 80
79 36
51 8
87 46
61 63
92 98
43 83
2 98
96 62
41 39
47 49
14 65
85 92
36 26
14 63
18 34
38 64
48 79
28 25
17 74
33 26
66 21
29 3
68 38
16 27
70 75
23 68
46 13
65 74
47 24
67 33
50 33
50 1
32 22
42 3
35 47
64 50
83 70
98 26
78 37
41 42
85 35
92 50
72 7
52 73
86 37
98 93
55 8
86 3
68 90
99 11
68 38
10 56
45 90
68 77
42 86
6 29
88 73
22 65
23 40
99 1
94 19
58 44
23 42
56 54
76 19
76 67
0 11
74 95
85 91
77 81
78 14
46 89
67 59
48 33
89 94
7 97
49 86
21 87
50 59
64 19
59 62
19 43
76 18
3 41
72 47
83 67
13 89
88 97
90 78
78 26
15 42
22 24
59 20
79 26
42 21
10 37
2 84
45 61
95 0
91 99
5 97
81 17
54 7
11 27
88 67
7 44
33 73
64 65
47 66
11 30
91 24
75 66
42 96
16 88
76 97
17 43
18 2
22 45
63 47
63 19
26 31
27 50
77 61
41 31
58 15
79 27
98 73
27 2
67 74
56 99
41 90
75 51
65 15
88 59
29 25
65 78
11 44
96 97
36 33
95 92
67 78
72 91
16 53
94 99
48 71
89 43
16 61
77 52
44 36
35 82
61 23
17 47
29 85
91 15
35 59
67 84
47 68
29 42
28 11
93 80
83 17
46 17
74 19
53 39
15 0
28 78
63 99
3 78
40 84
48 20
48 35
30 9
94 95
93 37
11 68
22 81
42 92
17 8
35 98
69 72
57 45
41 49
36 90
88 40
72 21
62 18
90 86
88 33
22 71
15 73
37 24
65 53
63 28
51 90
64 61
21 73
71 10
53 38
72 8
21 15
24 30
83 5
24 62
82 86
67 12
56 87
73 54
87 59
55 9
52 29
72 97
39 28
77 34
55 23
64 41
35 0
66 95
20 63
59 39
81 60
85 33
83 53
83 10
37 79
97 69
84 78
13 20
86 88
16 59
41 26
97 56
43 5
37 52
42 66
48 21
90 13
71 85
24 22
44 3
41 97
67 80
89 71
57 69
50 30
17 4
51 94
44 55
48 87
73 77
89 38
46 68
63 88
3 37
51 94
24 40
4 29
81 65
46 20
81 48
59 90
95 56
3 73
17 87
78 41
95 46
25 45
18 10
37 61
71 1
12 8
72 10
79 55
62 57
74 61
18 68
46 86
94 18
24 90
26 56
79 4
49 15
46 27
9 89
9 95
73 8
51 22
69 47
26 18
5 63
12 14
62 38
33 66
41 66
82 14
16 27
71 18
34 11
86 93
55 20
36 12
16 29
8 72
75 0
77 10
62 83
41 29
41 26
62 80
74 16
37 96
16 81
45 77
6 55
26 78
22 79
98 39
14 73
17 69
37 32
31 76
43 5
88 78
13 70
96 79
34 20
49 58
37 13
63 26
78 53
89 45
13 9
90 1
90 89
9 1
82 20
62 11
15 6
26 64
72 67
17 15
73 72
68 4
74 32
57 62
23 2
47 85
61 16
32 28
73 64
9 33
21 54
11 63
6 52
73 14
41 80
30 43
50 5
45 10
4 61
30 34
71 87
15 11
32 71
63 50
1 25
38 6
48 40
90 32
97 98
93 81
79 38
58 20
31 89
21 32
87 36
53 41
7 84
54 68
26 8
40 98
20 38
12 37
38 96
83 68
32 89
93 47
77 31
45 1
91 34
36 99
65 10
69 35
79 55
70 23
75 25
43 6
83 7
43 21
51 56
42 73
7 58
29 19
59 15
55 46
13 91
24 21
64 46
92 18
89 54
16 73
43 84
71 7
52 76
36 29
29 67
90 2
82 26
99 30
80 9
72 16
87 46
14 81
92 25
4 47
98 23
87 39
30 12
45 40
95 28
94 9
96 90
21 60
70 7
47 41
30 97
3 73
10 29
30 39
41 39
61 27
24 93
26 70
65 99
4 40
90 85
15 84
60 0
99 4
44 99
64 39
31 26
71 81
89 5
94 34
84 96
85 15
44 83
20 41
12 0
9 49
21 9
90 54
12 87
59 42
34 92
85 37
38 7
23 4
36 79
19 78
78 17
71 22
92 3
3 54
66 34
40 6
81 99
8 98
24 54
4 36
30 66
91 75
39 17
24 9
74 97
16 63
64 37
84 7
61 51
53 37
58 83
98 55
71 94
52 68
53 18
9 95
75 88
6 20
53 95
61 66
32 42
92 55
62 7
59 85
1 14
93 45
48 95
6 39
97 72
1 96
38 12
20 84
76 14
3 65
34 45
40 43
47 37
48 97
78 89
1 17
18 68
92 60
32 79
3 5
76 52
28 87
99 80
53 18
92 91
98 30
68 35
88 12
63 43
79 11
1 61
86 21
79 78
63 89
38 11
53 99
33 88
3 26
42 83
92 62
45 52
52 60
75 97
51 46
33 62
79 92
1 16
59 64
8 0
24 29
38 70
98 77
90 71
53 94
94 35
10 23
72 30
5 27
98 20
18 33
34 15
32 58
38 63
84 76
8 56
85 38
60 70
11 54
48 61
4 0
86 7
23 16
12 37
44 84
16 10
86 36
26 27
31 8
8 90
48 39
36 42
46 3
41 48
19 90
34 7
45 5
64 98
78 32
68 9
8 93
13 94
14 88
34 57
16 98
26 67
96 11
47 41
66 56
26 60
77 0
98 99
15 22
95 81
24 64
84 98
48 42
17 51
84 46
30 7
89 79
20 66
83 2
81 92
37 93
78 60
48 35
84 4
30 84
16 80
70 92
48 82
46 84
78 62
90 8
83 56
37 10
86 13
21 11
24 64
83 72
81 5
3 85
35 65
92 33
36 72
83 84
93 67
19 34
64 9
29 7
56 61
25 69
94 84
80 28
7 50
61 16
38 53
20 80
86 0
85 27
32 83
86 99
99 87
15 73
64 76
11 19
9 53
6 46
81 7
89 31
7 70
61 14
74 64
86 90
70 5
77 40
52 92
63 84
90 98
16 46
88 48
49 56
96 43
11 44
55 62
34 85
47 72
6 16
34 99
93 21
13 54
16 56
15 29
51 75
35 88
35 60
66 14
67 72
66 16
58 82
95 81
57 49
92 30
51 39
83 20
45 22
37 94
36 77
10 78
50 99
49 67
19 89
48 61
96 57
65 34
46 92
50 46
61 65
56 43
85 61
7 93
51 77
61 52
52 16
96 71
14 70
93 74
49 69
5 80
74 42
32 36
55 21
40 91
4 68
96 39
30 27
11 84
29 12
97 30
61 3
3 93
57 90
72 75
37 0
28 62
48 97
4 37
51 29
54 3
5 83
17 70
39 43
21 60
3 92
53 7
46 79
30 82
50 54
37 60
29 48
27 2
72 30
11 30
81 90
53 19
38 19
65 17
98 83
83 89
8 19
33 37
70 1
48 25
21 42
83 48
2 41
35 93
8 90
80 83
75 94
66 27
35 80
35 86
28 81
64 44
83 36
36 52
78 40
97 62
58 26
53 84
68 72
2 32
26 62
31 42
47 42
94 69
87 55
67 9
82 38
52 95
78 24
56 61
2 80
88 85
4 65
32 38
71 98
2 17
3 73
83 26
91 52
9 37
43 23
44 47
44 17
52 18
50 3
82 50
53 20
2 36
62 8
54 9
87 40
26 48
25 88
46 36
88 54
50 74
9 54
96 86
32 46
94 86
62 33
0 78
26 73
90 11
96 22
26 84
88 27
86 11
28 46
98 93
31 76
49 4
98 38
98 18
24 78
87 13
89 85
99 66
75 55
13 48
80 26
31 77
20 55
86 85
33 7
65 28
33 89
85 20
71 43
26 89
11 72
5 79
25 85
33 39
47 66
99 88
74 0
75 34
75 37
35 92
58 47
17 31
7 13
95 38
80 65
31 79
44 47
4 9
78 70
71 48
70 93
84 18
91 48
69 31
28 79
48 52
97 71
63 91
77 96
19 82
36 99
63 72
31 86
79 19
15 6
39 62
76 36
60 33
91 0
51 10
72 88
52 27
38 59
96 7
36 41
50 67
96 62
4 17
2 71
34 62
97 39
47 63
68 49
76 16
77 14
96 76
22 74
77 16
65 70
93 95
46 1
42 94
61 1
70 25
5 87
80 34
80 88
87 49
20 35
38 39
98 73
9 99
12 46
64 57
59 36
10 85
40 80
6 57
77 86
7 74
11 22
37 67
17 53
33 30
74 50
12 64
49 88
32 12
97 17
62 27
92 70
89 19
24 35
11 35
38 18
97 3
10 61
30 32
55 6
43 34
45 0
20 42
70 96
34 12
53 1
26 44
36 59
55 54
70 73
83 99
81 20
54 19
12 96
95 41
37 99
57 98
18 44
42 11
46 59
21 62
74 13
19 61
55 65
14 63
23 54
6 9
89 45
22 88
47 17
75 44
0 58
98 76
46 92
17 0
7 68
31 87
77 69
13 75
11 30
55 30
97 89
23 11
89 71
82 44
68 16
19 30
78 87
73 35
54 7
41 28
30 41
35 76
99 88
87 19
58 71
51 55
79 39
33 43
55 3
45 83
45 88
86 28
99 66
70 58
38 0
68 0
35 19
34 84
94 89
29 65
49 82
58 52
22 20
94 32
7 73
56 67
69 28
42 4
87 53
61 39
63 38
9 13
90 72
67 29
41 95
33 25
30 31
12 48
54 97
23 93
7 38
92 20
53 34
60 64
61 80
0 88
65 36
33 51
5 98
0 91
36 29
1 51
42 66
36 86
68 87
91 30
66 82
64 32
29 4
22 56
36 57
25 30
50 63
69 88
37 18
37 18
97 14
45 32
23 11
32 19
33 58
31 37
39 18
15 54
50 39
18 62
22 72
55 1
94 38
0 88
90 82
11 19
62 78
83 97
6 65
87 19
84 32
31 96
25 83
20 5
88 41
45 6
23 87
93 54
44 31
71 2
11 66
90 68
88 47
40 14
17 4
71 70
28 80
38 79
69 40
89 66
37 13
7 51
26 55
18 67
81 72
92 73
74 4
54 51
51 91
80 81
36 69
43 24
57 46
63 81
62 81
10 60
17 98
70 52
21 83
1 18
90 27
72 31
96 29
58 21
57 73
14 26
15 28
76 42
50 47
41 24
15 60
42 90
97 89
3 11
30 33
53 11
13 87
36 96
22 8
20 90
9 45
32 45
28 73
44 58
37 21
87 11
54 76
85 9
75 3
24 88
88 12
1 23
25 60
11 52
50 74
79 91
62 33
44 20
74 45
37 51
97 95
26 14
19 67
15 28
86 59
17 29
10 44
43 83
58 43
72 5
12 19
94 59
83 99
53 10
38 98
11 50
66 87
29 30
84 34
26 59
76 14
58 57
96 63
48 71
1 24
38 92
71 2
46 33
44 46
59 52
84 0
97 38
37 3
16 82
54 42
34 13
95 66
19 69
31 20
55 19
3 76
75 74
26 46
34 50
27 15
57 58
63 32
93 46
61 37
46 20
66 22
73 6
4 51
67 43
77 81
73 11
68 66
93 41
5 38
79 51
19 88
37 16
5 93
69 60
48 74
30 22
93 67
0 54
69 43
67 30
85 22
82 83
60 46
46 6
72 28
22 78
18 82
86 92
26 91
63 14
65 86
20 90
39 34
91 74
68 58
75 59
84 37
31 20
99 59
37 13
21 31
25 74
27 58
84 28
23 52
87 97
37 36
13 54
40 45
41 85
82 48
47 34
89 31
40 61
65 37
10 27
81 26
68 83
59 13
6 42
76 14
20 47
47 75
55 71
66 87
68 8
2 5
29 39
96 27
1 97
95 1
59 46
14 55
54 53
33 83
25 29
48 30
14 56
35 44
34 24
19 8
8 65
28 60
67 30
85 58
73 67
82 60
18 89
13 25
4 31
78 45
8 62
85 66
88 64
0 72
85 23
35 24
19 79
65 85
1 44
18 73
88 66
79 14
71 4
4 8
61 67
28 14
16 88
15 3
35 67
98 77
87 2
82 12
79 78
29 89
64 92
39 34
48 37
96 50
44 67
47 39
88 13
27 43
8 33
51 37
16 10
42 66
66 26
61 13
84 86
41 20
87 61
78 20
23 78
2 45
11 78
36 16
67 20
35 97
85 75
62 88
6 37
91 84
5 35
54 34
32 65
96 17
44 19
57 34
21 66
89 64
93 3
3 43
83 93
46 58
96 41
77 51
17 75
79 90
81 47
27 50
39 52
11 1
31 39
61 7
37 68
42 79
79 27
18 38
66 19
85 71
44 71
32 99
65 55
90 88
89 84
62 67
8 46
48 30
15 97
18 46
92 95
78 5
82 80
57 63
50 11
89 67
70 18
70 83
93 40
30 47
60 44
37 17
92 52
19 98
55 26
80 53
85 80
52 49
28 16
84 76
16 19
94 54
1 46
4 6
5 84
52 61
60 89
53 36
53 14
30 77
94 75
73 84
73 45
62 43
72 55
84 38
55 33
28 15
45 33
18 23
62 27
52 54
86 46
29 60
60 14
84 14
57 3
88 42
70 3
53 49
4 81
62 11
64 78
16 12
93 74
66 40
83 2
70 6
4 26
89 74
77 34
49 87
90 86
49 53
16 54
45 41
42 59
50 22
78 82
19 76
71 16
44 27
1 94
73 22
41 75
26 57
2 36
63 15
13 24
41 85
84 70
50 46
70 46
27 71
29 39
80 60
28 58
80 13
71 19
93 14
19 46
63 61
48 97
71 92
61 15
34 77
39 38
8 73
13 40
14 68
80 72
15 62
2 29
82 58
59 76
59 64
39 83
99 25
97 72
29 34
10 72
73 98
7 25
38 62
56 10
43 98
37 49
46 30
28 41
0 47
89 19
32 19
22 30
45 29
27 91
76 73
4 58
64 4
58 24
93 15
6 24
49 83
0 14
80 29
10 58
43 59
7 91
11 32
14 89
14 60
34 54
59 87
66 40
10 54
60 1
90 54
78 85
68 87
4 36
25 95
76 57
98 19
12 52
67 37
31 62
25 64
7 38
62 27
0 43
23 62
59 51
54 74
83 5
30 64
88 44
21 97
50 18
7 44
72 94
28 43
26 61
82 98
66 94
43 34
5 20
39 63
67 58
23 83
75 19
87 56
7 50
62 22
91 88
84 68
30 53
45 66
76 88
30 22
1 59
31 29
8 28
86 95
15 82
67 98
85 0
37 95
77 58
35 64
72 19
71 93
62 65
27 5
31 59
2 12
61 43
55 27
31 12
18 72
8 24
92 68
38 36
57 92
85 64
39 46
87 23
25 48
12 85
31 73
40 63
36 82
14 18
68 22
15 24
83 82
72 64
81 50
6 28
49 97
58 42
27 77
78 41
39 29
44 67
18 21
50 67
49 65
97 9
76 92
50 44
66 77
58 81
25 40
58 57
99 71
95 18
13 57
31 42
36 95
41 68
61 40
2 12
43 3
19 91
47 8
69 77
83 74
34 59
26 74
59 77
73 91
62 66
66 75
76 19
74 71
8 46
36 60
31 19
1 55
56 91
5 26
50 55
80 53
89 81
89 25
66 22
23 46
97 16
15 9
91 92
69 62
31 49
70 83
91 92
58 89
32 96
19 38
41 58
30 7
34 1
82 41
10 48
46 26
96 8
64 61
69 75
40 16
46 77
63 2
42 15
68 52
44 10
79 98
95 2
72 73
13 0
66 93
79 92
1 82
61 42
95 43
73 50
64 7
81 49
49 83
99 51
9 21
41 83
41 45
27 77
46 14
49 81
73 36
53 31
83 21
96 93
24 68
65 51
13 8
92 26
64 52
86 30
12 17
70 97
7 37
98 48
90 61
80 83
86 15
52 0
52 78
60 87
71 79
53 43
4 46
93 9
7 35
34 38
90 44
36 15
89 73
99 6
51 83
43 20
70 92
64 84
23 76
56 80
91 85
62 94
64 82
91 78
59 76
42 12
14 95
90 29
34 18
43 46
83 88
68 86
71 39
51 22
72 27
33 49
71 56
38 74
25 22
91 87
82 31
80 39
13 50
28 58
19 2
59 61
48 26
82 49
19 47
42 2
32 33
84 2
30 28
48 53
28 7
90 68
25 71
90 60
72 81
92 47
56 16
0 49
17 82
7 54
29 18
38 64
93 83
48 72
21 2
79 3
21 18
85 29
16 80
81 65
38 48
69 66
88 19
38 8
66 82
58 22
96 68
10 2
4 57
11 18
28 42
38 98
62 77
62 56
68 57
35 98
12 0
90 14
92 31
65 36
80 91
49 51
98 28
0 58
71 24
0 27
71 75
52 13
15 41
9 11
76 15
3 54
54 74
33 14
77 36
95 36
55 14
87 18
96 44
18 28
58 41
93 10
0 93
71 26
52 11
4 30
18 80
7 78
82 98
20 18
86 85
60 10
90 93
74 72
36 73
46 59
87 54
8 7
99 53
61 15
53 23
23 29
53 94
39 69
71 88
20 4
94 90
13 62
94 10
9 42
44 88
38 49
37 0
12 85
84 75
11 60
5 54
38 99
27 12
62 74
56 49
46 75
9 28
28 98
85 87
85 32
30 78
15 48
45 2
15 35
5 44
31 42
6 20
13 8
64 2
7 96
28 75
56 62
72 41
0 26
86 84
90 24
87 42
70 58
8 75
74 77
44 6
49 45
57 75
10 0
75 47
78 86
36 49
55 22
56 35
42 54
31 0
9 75
90 97
67 32
78 22
91 55
16 76
14 54
70 14
87 96
51 46
49 48
86 44
92 40
68 78
89 93
58 73
22 18
98 70
38 75
66 34
11 42
68 29
97 55
65 70
94 93
67 8
62 38
44 22
61 24
46 4
96 55
17 81
2 66
52 6
87 42
40 93
29 37
81 6
88 35
68 13
80 66
80 60
32 63
33 32
2 14
64 11
38 54
63 41
19 4
75 61
89 42
28 67
80 64
69 11
96 85
13 56
86 65
31 40
43 81
31 14
0 70
25 59
12 5
60 8
40 98
75 8
88 34
13 17
49 76
78 13
54 94
45 48
52 16
43 3
50 3
79 97
86 85
67 76
31 25
79 76
24 87
42 31
99 29
38 91
63 51
87 45
11 57
11 79
9 25
22 15
76 90
72 99
36 74
61 51
34 32
99 80
27 88
46 30
6 90
2 26
95 94
8 4
39 66
72 77
87 71
18 55
63 26
71 81
10 37
76 46
7 91
1 96
45 19
65 29
64 47
64 35
85 49
29 18
93 8
9 10
19 27
41 64
64 74
57 75
50 52
34 88
99 23
93 79
75 25
2 14
38 71
36 34
96 8
94 10
47 80
95 77
63 33
81 32
46 27
6 52
50 78
5 82
77 25
43 85
58 90
12 61
99 1
17 74
51 67
66 40
16 38
60 81
26 99
43 28
34 61
76 36
12 62
6 52
51 87
89 37
97 69
61 39
77 32
65 67
93 80
98 10
90 66
12 9
29 62
5 72
15 37
67 76
70 13
76 25
64 35
79 33
87 69
62 45
78 50
99 65
61 20
66 88
57 24
73 76
13 33
31 8
29 47
91 5
73 27
69 49
95 54
73 66
96 21
0 12
2 88
77 2
51 75
49 66
96 65
45 5
83 35
82 15
54 53
74 89
73 24
6 49
31 64
66 20
95 94
28 72
68 37
51 2
24 49
13 29
4 53
28 88
80 21
58 30
78 40
94 10
14 48
88 41
43 40
11 41
92 18
47 79
80 40
93 37
32 68
29 43
33 11
85 47
92 9
2 31
5 15
81 92
34 58
61 22
46 9
68 91
74 71
21 1
8 65
4 50
6 92
26 54
97 88
27 98
17 99
6 11
94 46
91 94
75 61
52 47
62 4
43 72
30 40
38 64
20 60
30 67
22 85
96 11
85 41
31 98
