50 1225
0 1 326
0 2 807
0 3 231
0 4 766
0 5 429
0 6 461
0 7 360
0 8 625
0 9 367
0 10 200
0 11 436
0 12 593
0 13 527
0 14 565
0 15 937
0 16 657
0 17 625
0 18 792
0 19 59
0 20 681
0 21 104
0 22 495
0 23 599
0 24 977
0 25 942
0 26 377
0 27 911
0 28 294
0 29 526
0 30 305
0 31 748
0 32 209
0 33 529
0 34 381
0 35 29
0 36 144
0 37 957
0 38 848
0 39 829
0 40 506
0 41 778
0 42 957
0 43 139
0 44 683
0 45 829
0 46 144
0 47 194
0 48 868
0 49 893
1 2 134
1 3 419
1 4 964
1 5 138
1 6 820
1 7 280
1 8 35
1 9 336
1 10 39
1 11 594
1 12 57
1 13 532
1 14 602
1 15 100
1 16 935
1 17 80
1 18 173
1 19 323
1 20 35
1 21 232
1 22 881
1 23 45
1 24 703
1 25 682
1 26 753
1 27 914
1 28 518
1 29 755
1 30 336
1 31 1000
1 32 251
1 33 156
1 34 120
1 35 341
1 36 778
1 37 447
1 38 615
1 39 771
1 40 412
1 41 676
1 42 200
1 43 582
1 44 412
1 45 838
1 46 88
1 47 824
1 48 635
1 49 74
2 3 37
2 4 264
2 5 573
2 6 800
2 7 652
2 8 341
2 9 257
2 10 162
2 11 386
2 12 621
2 13 766
2 14 523
2 15 611
2 16 583
2 17 321
2 18 862
2 19 362
2 20 765
2 21 203
2 22 303
2 23 607
2 24 568
2 25 970
2 26 150
2 27 164
2 28 274
2 29 724
2 30 141
2 31 617
2 32 62
2 33 395
2 34 811
2 35 846
2 36 83
2 37 283
2 38 155
2 39 18
2 40 878
2 41 351
2 42 8
2 43 167
2 44 697
2 45 987
2 46 805
2 47 706
2 48 499
2 49 233
3 4 662
3 5 490
3 6 711
3 7 707
3 8 927
3 9 284
3 10 999
3 11 712
3 12 646
3 13 750
3 14 644
3 15 248
3 16 590
3 17 309
3 18 283
3 19 939
3 20 793
3 21 485
3 22 86
3 23 80
3 24 749
3 25 602
3 26 647
3 27 308
3 28 708
3 29 925
3 30 156
3 31 632
3 32 727
3 33 622
3 34 633
3 35 782
3 36 408
3 37 147
3 38 274
3 39 153
3 40 497
3 41 903
3 42 216
3 43 781
3 44 756
3 45 296
3 46 247
3 47 129
3 48 786
3 49 547
4 5 288
4 6 634
4 7 724
4 8 857
4 9 660
4 10 268
4 11 983
4 12 792
4 13 464
4 14 592
4 15 458
4 16 2
4 17 592
4 18 40
4 19 867
4 20 627
4 21 196
4 22 406
4 23 158
4 24 995
4 25 632
4 26 789
4 27 141
4 28 484
4 29 200
4 30 462
4 31 776
4 32 652
4 33 215
4 34 404
4 35 785
4 36 983
4 37 200
4 38 487
4 39 515
4 40 880
4 41 270
4 42 544
4 43 214
4 44 743
4 45 975
4 46 807
4 47 153
4 48 260
4 49 176
5 6 443
5 7 257
5 8 254
5 9 728
5 10 180
5 11 173
5 12 707
5 13 36
5 14 259
5 15 942
5 16 815
5 17 764
5 18 179
5 19 703
5 20 185
5 21 259
5 22 998
5 23 94
5 24 532
5 25 476
5 26 144
5 27 276
5 28 486
5 29 458
5 30 996
5 31 750
5 32 374
5 33 656
5 34 699
5 35 395
5 36 71
5 37 658
5 38 963
5 39 383
5 40 301
5 41 99
5 42 824
5 43 916
5 44 976
5 45 818
5 46 593
5 47 935
5 48 449
5 49 543
6 7 497
6 8 240
6 9 779
6 10 666
6 11 729
6 12 676
6 13 375
6 14 898
6 15 894
6 16 322
6 17 626
6 18 843
6 19 100
6 20 854
6 21 371
6 22 807
6 23 152
6 24 485
6 25 327
6 26 364
6 27 613
6 28 180
6 29 834
6 30 506
6 31 694
6 32 52
6 33 509
6 34 388
6 35 215
6 36 110
6 37 703
6 38 4
6 39 123
6 40 791
6 41 831
6 42 304
6 43 305
6 44 943
6 45 960
6 46 576
6 47 666
6 48 172
6 49 264
7 8 126
7 9 724
7 10 740
7 11 185
7 12 559
7 13 193
7 14 430
7 15 435
7 16 201
7 17 296
7 18 41
7 19 181
7 20 471
7 21 791
7 22 452
7 23 28
7 24 234
7 25 937
7 26 407
7 27 662
7 28 443
7 29 902
7 30 465
7 31 255
7 32 618
7 33 324
7 34 765
7 35 1000
7 36 949
7 37 28
7 38 546
7 39 380
7 40 82
7 41 127
7 42 578
7 43 32
7 44 870
7 45 989
7 46 940
7 47 315
7 48 653
7 49 805
8 9 810
8 10 938
8 11 850
8 12 752
8 13 187
8 14 272
8 15 921
8 16 965
8 17 721
8 18 175
8 19 980
8 20 823
8 21 71
8 22 481
8 23 629
8 24 276
8 25 462
8 26 472
8 27 785
8 28 191
8 29 369
8 30 970
8 31 567
8 32 959
8 33 488
8 34 895
8 35 527
8 36 847
8 37 427
8 38 405
8 39 780
8 40 826
8 41 784
8 42 968
8 43 823
8 44 860
8 45 535
8 46 993
8 47 93
8 48 892
8 49 901
9 10 857
9 11 567
9 12 12
9 13 123
9 14 454
9 15 939
9 16 540
9 17 807
9 18 622
9 19 178
9 20 4
9 21 767
9 22 46
9 23 513
9 24 259
9 25 545
9 26 522
9 27 145
9 28 216
9 29 6
9 30 658
9 31 224
9 32 933
9 33 713
9 34 396
9 35 898
9 36 33
9 37 973
9 38 962
9 39 472
9 40 703
9 41 748
9 42 89
9 43 983
9 44 739
9 45 840
9 46 636
9 47 728
9 48 387
9 49 27
10 11 957
10 12 551
10 13 960
10 14 72
10 15 635
10 16 932
10 17 457
10 18 777
10 19 427
10 20 166
10 21 684
10 22 497
10 23 542
10 24 203
10 25 591
10 26 801
10 27 615
10 28 914
10 29 835
10 30 184
10 31 963
10 32 859
10 33 776
10 34 17
10 35 17
10 36 833
10 37 412
10 38 141
10 39 1
10 40 751
10 41 977
10 42 803
10 43 255
10 44 657
10 45 189
10 46 817
10 47 781
10 48 912
10 49 376
11 12 164
11 13 888
11 14 861
11 15 981
11 16 421
11 17 43
11 18 512
11 19 158
11 20 704
11 21 283
11 22 35
11 23 466
11 24 53
11 25 798
11 26 131
11 27 875
11 28 413
11 29 553
11 30 554
11 31 581
11 32 650
11 33 43
11 34 346
11 35 363
11 36 267
11 37 555
11 38 573
11 39 464
11 40 738
11 41 540
11 42 622
11 43 227
11 44 641
11 45 950
11 46 330
11 47 976
11 48 3
11 49 659
12 13 526
12 14 880
12 15 533
12 16 323
12 17 755
12 18 770
12 19 668
12 20 282
12 21 245
12 22 159
12 23 599
12 24 375
12 25 408
12 26 936
12 27 694
12 28 769
12 29 424
12 30 487
12 31 7
12 32 165
12 33 709
12 34 199
12 35 776
12 36 988
12 37 306
12 38 611
12 39 95
12 40 424
12 41 498
12 42 680
12 43 171
12 44 407
12 45 197
12 46 895
12 47 849
12 48 926
12 49 896
13 14 230
13 15 321
13 16 248
13 17 237
13 18 174
13 19 187
13 20 926
13 21 486
13 22 309
13 23 301
13 24 703
13 25 478
13 26 181
13 27 60
13 28 656
13 29 799
13 30 446
13 31 73
13 32 214
13 33 288
13 34 523
13 35 366
13 36 885
13 37 122
13 38 245
13 39 556
13 40 817
13 41 57
13 42 230
13 43 669
13 44 546
13 45 608
13 46 969
13 47 505
13 48 542
13 49 217
14 15 860
14 16 745
14 17 415
14 18 708
14 19 671
14 20 205
14 21 882
14 22 577
14 23 169
14 24 921
14 25 866
14 26 908
14 27 900
14 28 976
14 29 324
14 30 971
14 31 346
14 32 247
14 33 677
14 34 785
14 35 963
14 36 494
14 37 937
14 38 214
14 39 805
14 40 463
14 41 903
14 42 368
14 43 752
14 44 919
14 45 29
14 46 377
14 47 545
14 48 792
14 49 816
15 16 821
15 17 133
15 18 841
15 19 863
15 20 369
15 21 65
15 22 534
15 23 899
15 24 428
15 25 895
15 26 33
15 27 438
15 28 833
15 29 854
15 30 484
15 31 904
15 32 898
15 33 265
15 34 21
15 35 328
15 36 355
15 37 430
15 38 152
15 39 985
15 40 983
15 41 985
15 42 464
15 43 586
15 44 987
15 45 948
15 46 801
15 47 870
15 48 401
15 49 950
16 17 349
16 18 715
16 19 81
16 20 374
16 21 299
16 22 123
16 23 78
16 24 408
16 25 997
16 26 694
16 27 433
16 28 212
16 29 778
16 30 442
16 31 702
16 32 725
16 33 877
16 34 68
16 35 744
16 36 804
16 37 111
16 38 41
16 39 587
16 40 713
16 41 243
16 42 109
16 43 393
16 44 181
16 45 199
16 46 83
16 47 851
16 48 513
16 49 572
17 18 24
17 19 515
17 20 492
17 21 67
17 22 173
17 23 906
17 24 53
17 25 823
17 26 242
17 27 407
17 28 976
17 29 781
17 30 928
17 31 263
17 32 57
17 33 507
17 34 752
17 35 226
17 36 517
17 37 170
17 38 592
17 39 641
17 40 622
17 41 563
17 42 507
17 43 20
17 44 744
17 45 364
17 46 724
17 47 403
17 48 358
17 49 53
18 19 891
18 20 56
18 21 703
18 22 143
18 23 950
18 24 290
18 25 89
18 26 671
18 27 252
18 28 469
18 29 92
18 30 98
18 31 766
18 32 477
18 33 115
18 34 58
18 35 488
18 36 221
18 37 52
18 38 610
18 39 418
18 40 937
18 41 40
18 42 934
18 43 705
18 44 371
18 45 528
18 46 630
18 47 833
18 48 117
18 49 159
19 20 42
19 21 934
19 22 661
19 23 186
19 24 286
19 25 619
19 26 934
19 27 412
19 28 901
19 29 907
19 30 411
19 31 896
19 32 290
19 33 126
19 34 69
19 35 894
19 36 379
19 37 902
19 38 728
19 39 781
19 40 165
19 41 569
19 42 592
19 43 934
19 44 70
19 45 647
19 46 29
19 47 816
19 48 281
19 49 210
20 21 882
20 22 732
20 23 489
20 24 285
20 25 871
20 26 7
20 27 707
20 28 612
20 29 869
20 30 560
20 31 78
20 32 405
20 33 105
20 34 117
20 35 867
20 36 945
20 37 591
20 38 530
20 39 24
20 40 133
20 41 326
20 42 965
20 43 24
20 44 359
20 45 54
20 46 912
20 47 887
20 48 287
20 49 651
21 22 280
21 23 557
21 24 425
21 25 412
21 26 31
21 27 51
21 28 592
21 29 802
21 30 123
21 31 70
21 32 626
21 33 458
21 34 713
21 35 971
21 36 962
21 37 498
21 38 871
21 39 295
21 40 921
21 41 423
21 42 299
21 43 248
21 44 839
21 45 169
21 46 758
21 47 827
21 48 369
21 49 98
22 23 224
22 24 505
22 25 599
22 26 978
22 27 983
22 28 649
22 29 812
22 30 254
22 31 155
22 32 84
22 33 20
22 34 148
22 35 385
22 36 492
22 37 624
22 38 388
22 39 688
22 40 551
22 41 807
22 42 617
22 43 668
22 44 993
22 45 523
22 46 774
22 47 617
22 48 11
22 49 190
23 24 993
23 25 203
23 26 668
23 27 443
23 28 825
23 29 759
23 30 246
23 31 571
23 32 823
23 33 380
23 34 702
23 35 469
23 36 778
23 37 339
23 38 650
23 39 247
23 40 182
23 41 530
23 42 546
23 43 834
23 44 677
23 45 946
23 46 991
23 47 188
23 48 568
23 49 408
24 25 332
24 26 983
24 27 679
24 28 43
24 29 976
24 30 874
24 31 107
24 32 237
24 33 96
24 34 694
24 35 668
24 36 46
24 37 636
24 38 206
24 39 81
24 40 315
24 41 813
24 42 262
24 43 187
24 44 962
24 45 512
24 46 470
24 47 756
24 48 189
24 49 253
25 26 750
25 27 670
25 28 587
25 29 669
25 30 364
25 31 533
25 32 379
25 33 636
25 34 298
25 35 3
25 36 274
25 37 509
25 38 94
25 39 403
25 40 682
25 41 109
25 42 497
25 43 386
25 44 258
25 45 403
25 46 525
25 47 724
25 48 24
25 49 35
26 27 821
26 28 507
26 29 542
26 30 138
26 31 399
26 32 298
26 33 881
26 34 92
26 35 132
26 36 40
26 37 353
26 38 165
26 39 615
26 40 773
26 41 263
26 42 183
26 43 233
26 44 440
26 45 150
26 46 677
26 47 569
26 48 349
26 49 256
27 28 162
27 29 495
27 30 65
27 31 205
27 32 481
27 33 561
27 34 802
27 35 132
27 36 372
27 37 544
27 38 597
27 39 739
27 40 697
27 41 260
27 42 815
27 43 18
27 44 993
27 45 5
27 46 788
27 47 625
27 48 264
27 49 231
28 29 627
28 30 130
28 31 204
28 32 315
28 33 510
28 34 649
28 35 253
28 36 533
28 37 991
28 38 563
28 39 162
28 40 597
28 41 121
28 42 339
28 43 3
28 44 367
28 45 443
28 46 655
28 47 780
28 48 592
28 49 141
29 30 352
29 31 64
29 32 796
29 33 893
29 34 902
29 35 337
29 36 660
29 37 244
29 38 425
29 39 951
29 40 523
29 41 514
29 42 443
29 43 884
29 44 841
29 45 562
29 46 891
29 47 711
29 48 736
29 49 952
30 31 103
30 32 467
30 33 976
30 34 298
30 35 752
30 36 309
30 37 7
30 38 855
30 39 2
30 40 171
30 41 892
30 42 652
30 43 320
30 44 815
30 45 263
30 46 696
30 47 725
30 48 963
30 49 654
31 32 66
31 33 417
31 34 417
31 35 814
31 36 927
31 37 54
31 38 358
31 39 871
31 40 774
31 41 138
31 42 231
31 43 443
31 44 437
31 45 261
31 46 891
31 47 71
31 48 667
31 49 179
32 33 939
32 34 565
32 35 321
32 36 969
32 37 407
32 38 138
32 39 471
32 40 726
32 41 230
32 42 437
32 43 964
32 44 569
32 45 159
32 46 808
32 47 238
32 48 904
32 49 54
33 34 443
33 35 442
33 36 205
33 37 717
33 38 230
33 39 150
33 40 790
33 41 692
33 42 436
33 43 225
33 44 316
33 45 700
33 46 588
33 47 628
33 48 993
33 49 638
34 35 136
34 36 203
34 37 745
34 38 307
34 39 789
34 40 768
34 41 791
34 42 291
34 43 604
34 44 18
34 45 409
34 46 667
34 47 211
34 48 76
34 49 830
35 36 458
35 37 767
35 38 709
35 39 531
35 40 5
35 41 510
35 42 523
35 43 389
35 44 680
35 45 11
35 46 676
35 47 437
35 48 613
35 49 496
36 37 909
36 38 209
36 39 355
36 40 836
36 41 944
36 42 908
36 43 639
36 44 69
36 45 540
36 46 877
36 47 684
36 48 571
36 49 755
37 38 108
37 39 684
37 40 215
37 41 221
37 42 780
37 43 430
37 44 156
37 45 459
37 46 56
37 47 218
37 48 68
37 49 556
38 39 618
38 40 482
38 41 981
38 42 725
38 43 683
38 44 803
38 45 33
38 46 566
38 47 481
38 48 238
38 49 792
39 40 62
39 41 430
39 42 127
39 43 969
39 44 613
39 45 487
39 46 798
39 47 657
39 48 652
39 49 420
40 41 858
40 42 441
40 43 643
40 44 980
40 45 970
40 46 996
40 47 500
40 48 195
40 49 306
41 42 29
41 43 738
41 44 300
41 45 88
41 46 673
41 47 889
41 48 5
41 49 894
42 43 699
42 44 983
42 45 106
42 46 643
42 47 148
42 48 153
42 49 669
43 44 446
43 45 243
43 46 640
43 47 263
43 48 726
43 49 697
44 45 762
44 46 993
44 47 292
44 48 772
44 49 640
45 46 295
45 47 285
45 48 690
45 49 717
46 47 754
46 48 171
46 49 279
47 48 387
47 49 399
48 49 193
500
46 12
12 48
13 43
0 6
3 44
18 11
20 5
49 13
2 35
17 26
17 41
11 39
32 3
46 33
23 32
0 9
5 25
6 27
37 13
39 22
35 1
34 2
38 15
29 45
28 36
47 30
30 9
46 3
16 30
15 30
1 24
20 9
4 44
14 31
24 27
33 28
15 20
7 22
17 20
6 42
32 29
3 48
11 49
10 48
7 23
42 37
6 36
47 48
13 10
10 31
49 21
23 33
0 46
33 46
0 17
41 1
8 32
47 25
6 41
22 25
29 40
48 40
37 49
7 3
27 45
17 23
6 44
35 4
4 29
29 45
14 46
28 43
33 31
28 32
38 44
7 46
18 23
28 36
35 34
16 47
47 24
49 15
27 21
38 21
28 39
27 39
9 6
11 6
49 37
41 26
13 9
11 16
4 10
21 36
29 44
10 23
46 18
36 22
13 30
36 46
46 18
48 19
10 22
25 15
6 34
1 4
26 1
4 48
28 29
12 40
37 44
10 32
29 3
34 7
45 18
27 30
14 46
5 26
42 29
13 42
1 19
15 18
20 46
44 46
0 39
38 32
45 38
41 37
25 34
47 49
45 5
13 30
27 46
9 22
8 48
47 6
17 20
23 24
46 34
8 28
33 3
8 23
9 47
41 4
43 22
35 41
4 31
14 15
16 37
9 42
38 14
21 23
19 23
12 20
45 32
31 27
43 49
46 10
38 41
1 3
5 2
23 19
35 15
27 41
31 40
17 11
25 44
13 15
18 47
17 19
48 12
34 7
18 22
28 17
14 22
3 0
10 12
29 8
42 14
47 36
39 31
37 27
36 16
27 45
40 26
17 14
29 39
20 31
41 29
5 45
13 17
48 27
41 2
20 40
46 31
11 22
13 21
43 20
31 28
31 41
46 1
43 49
31 28
32 2
1 11
5 25
7 23
44 35
9 33
14 48
39 17
43 11
35 8
39 46
17 4
3 47
27 25
24 23
19 42
0 17
45 44
31 15
17 37
11 24
30 21
32 20
3 6
41 24
3 42
44 38
38 23
7 10
44 39
26 41
43 12
26 42
11 4
36 28
4 16
23 5
38 2
5 36
44 4
26 35
40 24
6 48
42 49
42 30
35 4
4 32
17 16
5 0
2 9
35 37
7 19
4 17
8 37
9 11
2 39
43 45
30 35
43 23
35 17
20 17
27 21
18 49
0 2
32 26
8 28
38 12
48 10
12 26
12 35
6 42
49 39
28 48
39 28
1 37
11 15
12 28
35 10
29 21
36 15
8 31
48 13
26 24
25 45
22 23
5 47
19 30
11 42
17 15
22 47
36 37
16 26
18 20
41 0
22 36
44 42
12 27
44 26
12 5
10 36
45 35
46 15
1 10
3 17
15 38
0 9
19 14
33 27
24 40
8 37
13 20
3 46
27 24
49 16
38 35
0 27
11 33
29 49
49 37
20 14
35 34
16 13
37 2
44 26
36 25
34 10
39 23
13 1
26 38
5 39
29 12
17 11
1 24
46 26
43 0
27 45
44 36
20 24
18 25
37 47
47 49
37 32
25 8
1 32
11 18
10 20
20 25
35 10
31 37
17 30
25 13
9 27
49 22
13 35
40 26
1 24
45 3
41 20
30 19
5 8
0 42
8 21
42 35
31 45
39 49
48 38
47 24
25 6
1 40
7 5
17 9
25 44
41 26
11 35
23 34
33 29
3 5
6 23
11 15
32 44
31 37
34 18
13 7
46 11
28 8
43 38
48 1
12 4
48 28
26 17
22 21
26 29
25 21
26 45
15 40
32 23
8 29
0 11
34 36
22 31
17 37
43 38
11 40
7 22
41 40
20 17
37 40
17 6
48 27
16 19
8 17
39 27
41 22
17 8
27 25
16 15
25 48
26 43
6 10
43 12
18 7
45 17
13 22
22 2
22 20
42 37
40 14
15 18
43 38
5 37
6 3
20 16
33 48
23 15
7 3
46 2
44 37
16 31
30 5
8 45
48 12
42 25
46 11
13 12
30 6
8 11
16 7
30 33
34 8
6 14
6 22
30 44
20 30
36 10
23 27
29 12
9 17
43 46
35 20
35 18
5 41
0 19
14 12
47 4
35 37
48 17
17 45
11 39
32 37
38 30
31 0
21 1
26 30
5 6
35 23
22 46
23 9
13 26
29 4
21 11
44 39
35 42
22 37
46 31
13 42
24 32
36 5
14 7
23 29
1 28
25 33
40 2
44 9
20 28
44 22
12 14
38 1
