50 49
0 1 163
1 2 404
2 3 116
3 4 383
4 5 215
5 6 231
6 7 180
7 8 313
8 9 184
9 10 100
10 11 218
11 12 297
12 13 264
13 14 283
14 15 469
15 16 329
16 17 313
17 18 396
18 19 30
19 20 341
20 21 52
21 22 248
22 23 300
23 24 489
24 25 471
25 26 189
26 27 456
27 28 147
28 29 263
29 30 153
30 31 374
31 32 105
32 33 265
33 34 191
34 35 15
35 36 72
36 37 479
37 38 424
38 39 415
39 40 253
40 41 389
41 42 479
42 43 70
43 44 342
44 45 415
45 46 72
46 47 97
47 48 434
48 49 447
100
6 20
48 6
40 13
1 16
1 29
2 26
30 4
46 3
8 16
1 11
44 2
35 34
37 45
25 37
16 49
12 7
5 17
38 22
30 38
20 33
9 29
20 41
4 41
31 3
1 13
28 39
32 17
12 8
19 31
38 26
30 29
16 43
18 38
10 15
30 28
48 7
8 13
36 7
30 3
19 40
42 4
14 7
0 43
17 0
8 34
49 40
35 24
11 33
24 35
35 46
14 49
35 32
37 32
12 29
15 14
46 39
24 4
3 37
30 32
15 35
46 7
31 36
39 20
7 13
7 24
45 10
39 37
14 12
6 39
27 14
31 36
42 32
13 49
39 23
29 22
0 29
1 43
31 9
20 7
49 31
39 7
24 9
23 38
32 10
20 39
49 9
24 25
43 13
27 10
37 48
40 7
12 8
22 12
12 36
35 1
12 47
40 38
8 35
9 12
49 4
