50 100
47 20 7
8 20 41
11 41 44
16 14 51
46 47 61
6 31 93
6 3 4
48 18 10
13 5 53
43 29 36
4 35 79
4 5 47
43 31 69
46 41 11
27 5 17
22 35 27
32 6 39
23 18 8
2 6 25
34 49 87
12 3 83
25 17 77
47 5 61
41 35 41
9 35 84
45 8 44
25 37 13
11 2 80
19 14 1
41 0 48
11 31 3
18 24 12
43 35 48
28 0 20
47 29 14
18 0 70
32 13 42
16 12 25
38 23 25
27 12 3
28 8 7
11 26 6
19 24 52
21 17 58
21 46 31
3 24 48
18 20 30
35 24 61
40 2 50
33 32 73
13 30 56
40 22 32
47 49 62
12 0 68
0 35 9
28 24 68
1 49 59
15 21 4
44 22 35
24 32 98
9 11 59
42 40 85
13 35 26
44 36 31
45 28 75
7 48 31
21 19 29
49 33 48
4 7 71
14 12 35
5 45 17
15 28 86
47 44 39
42 2 73
17 4 85
21 2 47
7 41 24
43 10 80
45 33 55
23 35 88
1 41 66
33 27 30
37 48 71
24 11 18
32 38 55
25 22 66
45 20 20
6 23 98
0 32 60
24 40 30
3 22 24
11 42 70
5 24 84
4 40 89
37 14 61
41 28 14
41 49 72
16 2 98
9 2 6
26 48 48
500
36 12
18 33
33 10
21 35
9 23
4 36
3 26
12 21
30 41
48 13
41 28
20 17
23 39
10 32
19 36
27 4
49 7
43 46
34 29
11 2
16 12
28 5
23 39
24 8
29 4
16 32
30 1
28 1
35 29
42 35
46 1
8 29
5 43
4 44
10 37
43 25
8 36
3 30
34 20
42 47
26 46
4 48
27 38
8 41
11 8
9 20
27 44
14 42
6 28
13 3
11 1
6 9
4 11
29 3
42 30
19 20
27 3
39 34
16 1
35 10
39 30
44 41
22 11
35 16
47 6
27 24
40 18
0 13
25 28
11 25
1 15
3 18
42 47
6 11
19 22
34 36
13 11
47 14
37 12
24 12
17 44
23 22
33 12
7 40
25 47
44 26
2 34
19 23
45 36
3 17
42 34
41 30
40 44
24 40
16 49
35 18
47 14
7 43
22 10
14 47
28 14
3 42
31 34
8 2
27 34
41 25
45 1
20 19
39 3
43 20
13 44
20 11
8 45
19 13
18 36
31 4
28 6
20 13
28 36
8 14
16 10
17 32
14 30
3 40
48 45
29 6
29 38
26 4
13 25
37 29
10 7
40 42
31 34
42 29
37 26
35 43
12 14
17 24
48 46
22 8
20 2
25 42
1 49
19 46
21 16
17 37
47 9
13 40
21 32
6 14
27 3
47 17
42 22
49 30
33 3
31 13
12 11
12 35
40 37
22 10
17 27
38 32
31 14
15 47
24 12
36 26
11 37
6 23
8 31
35 41
11 38
11 14
13 37
7 17
34 47
8 23
7 36
48 44
42 29
45 13
23 12
33 10
33 16
10 11
47 43
28 41
6 44
16 43
40 35
29 8
23 46
7 0
8 47
3 17
4 41
26 25
4 25
6 32
19 37
43 35
30 37
11 12
16 26
15 19
20 13
3 46
44 38
41 13
22 38
37 44
12 49
48 3
13 45
20 27
42 39
37 8
16 14
45 30
10 2
45 40
42 26
6 39
33 19
20 41
35 12
14 9
36 16
18 1
5 17
41 2
24 45
11 1
45 6
21 13
32 5
7 37
2 32
20 15
21 19
48 19
20 49
25 40
10 1
44 36
40 31
34 20
26 39
46 17
6 26
46 28
21 22
9 40
32 22
40 8
21 40
35 5
43 14
19 41
13 22
6 49
44 9
39 16
35 7
30 27
0 28
40 31
22 41
31 8
30 27
16 47
24 3
21 11
16 47
28 42
33 10
27 2
30 0
2 22
33 45
46 44
30 23
25 35
11 20
45 48
8 15
27 30
34 17
6 24
23 4
5 34
41 47
3 44
33 38
36 18
6 0
25 0
0 7
34 24
7 19
42 18
14 42
21 43
4 26
23 41
31 47
28 44
40 23
37 26
0 20
31 29
36 3
46 25
23 48
44 28
18 32
48 35
40 11
46 3
12 27
2 12
10 23
48 47
3 38
2 32
26 42
32 37
32 11
20 17
22 20
33 1
17 37
32 43
10 26
13 10
25 12
21 18
22 31
20 41
23 11
46 48
1 9
1 11
0 49
28 6
10 0
6 38
29 14
36 40
5 45
26 37
38 33
13 0
39 6
26 30
46 13
35 0
9 6
16 12
21 14
18 3
40 6
15 8
48 0
18 41
18 4
4 42
13 11
9 1
3 11
19 10
9 22
19 7
42 15
36 1
46 27
39 9
13 6
0 24
39 48
37 21
24 0
35 37
3 26
5 18
34 21
4 31
18 40
46 28
33 26
5 14
5 2
9 39
45 2
11 2
25 31
4 46
44 10
40 3
17 8
20 38
49 47
32 38
12 9
9 37
1 15
4 0
20 21
19 27
6 9
30 41
25 18
26 36
39 25
32 11
38 43
15 0
32 13
17 4
9 34
37 1
39 42
32 24
36 46
34 45
5 12
33 42
5 29
31 10
14 20
20 15
30 10
38 26
38 33
41 48
30 27
25 30
17 10
4 23
45 18
7 5
38 27
15 14
45 8
48 38
49 10
21 22
28 6
26 16
16 13
24 0
11 49
23 42
20 9
16 41
6 5
19 35
45 25
15 9
46 23
8 4
8 36
32 36
32 2
23 9
45 7
39 49
23 11
17 5
40 15
2 37
18 46
27 23
21 47
6 31
38 49
40 14
28 4
5 46
24 1
27 29
31 39
49 14
6 20
13 39
31 27
38 10
21 32
29 20
19 25
2 21
30 36
16 19
17 4
39 8
5 31
18 31
21 22
48 9
48 30
18 4
