100 4000
26 69 286
87 39 523
65 93 583
88 21 280
63 13 567
37 14 597
65 77 300
70 25 394
94 47 198
66 12 233
77 96 551
94 14 376
81 2 372
12 85 406
76 82 199
8 47 278
2 61 525
21 49 419
93 66 419
1 17 458
12 28 415
78 98 342
27 65 180
81 55 154
94 19 175
61 87 294
26 99 66
29 39 187
36 13 78
52 18 364
6 74 71
6 46 148
19 65 97
77 81 319
84 65 499
69 89 407
26 73 106
74 18 184
49 76 308
40 57 205
78 44 479
6 27 565
7 64 532
16 55 51
68 12 55
69 15 486
60 59 208
35 80 8
61 82 531
54 67 302
92 11 91
95 59 165
19 77 568
97 63 560
55 18 56
73 65 335
43 73 463
5 43 370
33 90 442
10 23 177
13 58 509
40 90 341
23 95 512
84 6 564
38 92 511
15 12 214
32 21 21
63 5 528
85 49 406
31 56 293
95 70 600
19 56 98
85 46 161
4 66 244
94 98 287
22 56 227
45 1 111
91 45 46
35 64 159
43 78 341
39 60 561
61 20 435
93 75 561
75 9 219
0 19 495
23 46 347
66 80 375
72 86 302
16 47 448
27 24 282
59 68 254
1 94 120
49 29 316
46 44 212
22 79 52
65 71 52
28 14 440
87 66 43
16 38 96
7 31 386
3 20 51
97 2 574
93 64 427
44 88 215
52 33 510
72 70 50
7 22 144
69 60 22
68 3 519
76 22 159
87 13 284
16 69 596
88 27 55
17 75 62
50 23 85
89 87 30
21 69 492
60 92 410
28 75 543
98 66 346
99 57 555
66 95 446
32 57 24
46 76 593
62 57 494
69 9 235
90 17 345
59 31 265
29 15 5
50 58 411
24 54 563
65 67 394
47 23 185
80 83 410
54 33 222
7 99 183
25 3 180
76 39 122
59 83 114
79 9 165
22 14 197
33 3 23
58 83 267
5 95 417
19 47 88
16 7 296
30 26 566
8 48 55
31 63 267
6 45 79
85 29 105
63 28 331
63 26 261
60 98 574
41 92 418
66 17 522
66 83 180
3 67 160
82 33 484
84 64 21
37 68 373
2 74 236
77 30 440
52 63 235
54 43 140
19 74 329
24 74 50
53 88 42
56 16 34
79 78 32
25 75 29
8 49 55
48 64 468
43 55 313
0 92 113
37 25 282
3 62 356
80 68 290
54 13 417
39 8 117
10 74 95
37 11 9
48 28 270
9 33 462
79 74 91
50 14 174
18 67 355
4 91 8
17 67 484
27 58 574
6 68 497
18 53 116
4 67 130
13 6 497
23 86 549
92 95 34
80 81 402
57 8 410
44 12 559
45 8 86
31 62 320
72 79 29
4 8 147
64 98 557
47 98 178
20 97 464
24 86 265
3 93 426
6 50 288
41 63 406
84 97 319
49 66 571
7 74 368
36 84 271
0 18 12
5 86 345
70 1 343
54 91 73
78 54 388
79 31 89
14 95 41
96 42 262
35 29 341
89 8 172
29 72 369
53 95 295
41 37 587
77 71 210
15 51 434
63 57 162
25 29 42
93 82 456
20 80 205
81 53 47
21 4 275
21 44 324
89 70 490
21 71 37
58 17 293
29 4 520
21 6 520
98 87 163
24 42 12
74 90 233
36 73 404
95 44 226
63 10 587
10 78 392
91 6 581
6 64 21
36 59 4
95 20 374
55 41 582
41 33 261
43 33 431
21 92 525
18 11 544
42 3 49
26 18 207
81 27 301
88 62 561
55 11 424
88 34 106
34 94 430
82 53 301
17 68 584
24 64 12
86 6 343
8 77 395
73 4 12
12 13 32
7 47 503
1 15 285
74 96 387
68 75 66
36 78 443
46 90 90
42 39 322
28 8 351
36 68 288
32 81 23
71 6 357
1 75 333
62 98 490
14 77 267
93 2 127
86 28 300
79 44 149
43 81 520
15 66 567
93 34 91
13 60 73
63 40 132
64 68 253
86 43 502
30 9 355
77 70 9
42 36 573
9 74 355
64 38 334
13 14 157
5 23 328
54 35 127
12 50 414
46 83 326
28 64 385
74 17 500
25 4 111
23 90 37
78 51 32
87 51 436
18 61 397
94 25 534
23 27 26
32 77 441
76 62 408
89 78 252
32 88 33
1 42 218
87 50 46
43 2 456
69 56 9
46 55 570
82 84 304
8 19 483
86 32 164
57 83 440
42 13 470
53 28 563
24 92 281
85 50 71
44 20 91
81 63 162
89 49 342
90 59 168
69 88 178
12 35 84
61 71 458
15 93 229
13 8 86
62 33 237
86 39 367
96 51 27
32 16 303
56 73 129
50 73 132
82 66 578
58 1 561
25 22 297
22 49 206
12 82 490
53 27 196
96 33 32
14 89 384
82 14 503
8 46 79
75 70 110
19 89 322
98 8 433
22 66 115
30 86 163
38 99 409
72 44 320
78 95 542
75 71 410
90 92 144
10 36 519
76 14 487
91 76 252
5 34 395
36 46 262
73 23 294
35 37 453
55 76 125
28 26 116
99 47 302
1 65 58
88 18 14
75 5 375
10 1 236
78 47 550
80 41 413
50 49 219
30 36 597
82 41 348
96 15 399
54 48 92
31 43 431
65 79 303
40 56 391
33 42 491
3 72 203
94 10 544
77 5 487
24 1 352
14 63 93
5 73 83
62 63 218
76 5 242
78 27 416
40 94 285
90 4 294
41 46 260
12 36 338
53 22 360
91 44 469
25 28 54
55 85 166
5 4 176
33 49 385
23 16 168
99 40 72
77 67 71
22 93 235
0 87 425
47 88 237
76 48 58
95 15 595
42 91 341
63 18 25
64 45 164
61 93 289
98 97 328
55 95 497
28 36 412
48 65 327
85 17 378
92 85 244
94 91 149
74 45 399
93 67 496
61 42 198
70 56 242
26 98 154
46 61 593
31 78 123
51 83 579
53 15 48
49 69 228
2 45 377
14 79 252
25 19 27
71 47 107
6 41 565
30 4 524
19 21 393
52 60 103
14 32 9
80 43 41
26 9 555
43 87 107
1 50 303
23 56 51
12 65 507
13 91 568
52 4 174
41 94 376
66 39 433
9 83 327
16 29 25
57 38 17
96 25 93
52 39 262
14 25 528
37 62 561
17 29 521
34 41 7
37 5 131
39 97 90
56 58 272
88 10 325
12 97 559
95 96 414
10 61 77
92 29 390
1 87 228
41 17 67
89 80 452
6 67 184
18 23 61
4 45 390
64 71 71
43 82 53
69 46 419
42 46 267
37 17 322
93 41 368
73 12 529
34 82 274
52 85 585
25 35 309
52 10 291
76 45 362
22 32 88
64 54 366
30 42 309
86 17 528
42 58 180
16 62 182
62 46 29
49 63 20
97 34 478
65 31 335
40 88 339
29 26 212
41 4 289
44 92 156
55 98 137
77 7 438
18 97 36
22 29 490
35 55 39
7 94 523
39 80 267
91 90 199
32 95 166
34 51 481
91 86 256
76 69 74
58 88 275
70 39 376
51 40 469
96 45 417
60 55 508
78 20 184
78 61 308
71 26 159
36 67 506
64 12 401
11 30 15
41 21 198
26 59 245
65 40 68
30 15 380
62 40 35
74 57 326
80 50 575
61 80 30
80 22 416
79 66 166
70 73 541
65 43 68
23 63 58
5 39 449
41 32 189
34 83 166
43 11 368
28 2 97
12 16 565
58 68 257
21 98 491
18 85 86
81 71 533
17 9 326
72 4 218
46 65 566
82 85 188
61 96 435
40 14 71
35 11 442
71 24 15
53 97 266
87 12 84
30 1 95
44 13 156
70 9 388
48 46 37
74 1 580
96 53 87
20 40 397
25 56 254
34 42 584
1 72 288
40 91 177
0 70 546
27 4 80
66 85 79
16 74 1
6 59 425
44 5 578
22 28 502
48 20 532
74 55 564
72 65 235
27 36 169
56 99 523
48 78 15
53 86 177
86 33 316
29 84 63
38 94 573
66 64 521
92 89 42
93 35 187
89 3 2
37 58 56
56 82 496
35 15 322
42 47 138
81 48 69
50 5 297
23 44 10
69 87 594
99 75 71
87 24 527
68 25 562
71 13 61
86 26 297
65 52 197
69 78 540
98 36 102
14 33 239
23 83 146
97 92 501
2 18 135
46 93 360
10 31 249
61 50 386
55 97 497
30 92 462
30 40 94
46 70 519
20 16 474
55 31 333
1 37 592
90 30 586
97 26 128
52 21 346
16 43 453
78 42 599
78 6 113
83 6 535
24 6 533
2 86 200
72 8 457
32 38 160
74 70 487
73 44 224
21 33 485
67 22 362
25 95 118
42 74 229
5 21 48
78 5 484
11 75 520
93 96 406
98 39 371
27 96 543
0 96 119
67 43 10
73 31 265
89 46 140
37 22 537
82 15 185
40 8 37
56 15 329
57 4 586
32 79 292
99 12 389
34 4 320
53 30 60
83 91 388
37 9 53
38 44 267
4 17 573
47 75 88
30 80 33
10 37 265
2 31 389
23 60 509
78 30 189
25 26 558
83 75 576
14 19 561
8 52 321
58 20 335
27 59 250
35 85 546
99 94 437
39 12 372
54 98 594
64 88 293
3 71 141
29 76 399
19 28 517
34 85 582
49 30 61
33 89 493
89 45 463
23 57 97
34 29 445
56 9 573
16 5 238
5 0 47
80 55 597
36 65 234
39 7 320
43 28 500
4 44 129
58 15 213
33 38 345
95 83 121
66 68 357
82 36 187
95 74 41
94 0 292
38 2 81
51 22 171
50 3 203
83 24 41
83 5 93
30 22 265
64 87 114
47 11 108
11 2 254
64 70 255
18 72 49
7 69 87
71 19 570
32 99 54
8 50 216
99 36 117
5 10 171
35 33 477
68 85 126
31 18 24
17 65 313
68 19 189
39 34 348
26 78 131
41 20 421
82 48 182
48 72 361
84 43 568
10 20 573
43 85 413
66 75 441
63 83 55
64 4 395
4 69 385
19 35 76
84 32 388
26 85 373
48 43 126
30 60 459
51 32 510
71 53 338
2 77 360
0 51 178
71 68 397
50 15 422
32 59 82
81 11 482
17 46 250
71 20 115
7 84 489
25 8 200
59 0 304
96 78 223
71 30 468
40 86 423
74 59 491
41 40 522
44 33 243
18 36 197
51 14 541
58 57 580
34 48 323
7 38 222
77 10 149
73 38 140
67 80 317
53 45 312
68 18 549
52 55 553
83 2 367
85 27 230
14 61 535
42 0 579
80 77 320
33 85 473
34 91 444
85 13 140
45 43 431
11 28 383
80 4 139
21 58 446
4 32 218
36 2 122
78 2 354
95 3 119
60 96 127
49 86 474
34 81 445
5 28 286
24 53 405
75 43 346
93 47 71
25 54 221
39 36 198
97 57 438
90 11 233
43 22 156
37 47 465
82 30 564
90 27 556
37 54 74
88 20 82
72 9 389
95 6 427
39 94 415
60 88 218
25 77 320
36 48 564
25 62 587
22 16 36
95 69 487
29 48 568
54 53 420
7 71 488
4 58 480
88 72 126
79 25 423
62 34 27
95 52 254
68 96 345
68 69 295
2 20 84
49 65 423
54 80 307
94 53 1
71 90 495
71 93 243
49 97 62
89 30 269
27 33 206
50 0 366
84 47 149
60 17 545
77 33 113
89 53 413
46 79 41
12 42 190
59 4 489
25 58 373
85 8 68
49 88 270
0 7 385
59 93 114
93 55 436
56 37 329
94 2 218
5 46 173
48 53 588
46 81 379
99 82 522
71 63 233
11 87 291
23 54 337
37 32 296
49 87 452
20 75 454
74 11 335
24 69 284
3 77 174
18 39 103
45 65 449
39 13 345
54 29 16
53 92 245
60 73 503
69 77 7
45 95 534
43 76 536
94 21 203
5 27 352
99 5 393
6 26 183
69 92 499
92 39 426
97 8 50
36 22 134
82 26 185
15 24 538
2 54 440
49 93 344
84 80 272
61 58 149
15 87 320
10 29 135
85 71 81
45 72 287
25 53 424
8 64 135
46 47 404
34 72 32
4 55 133
61 37 559
17 10 580
54 47 279
92 74 418
2 8 259
57 17 210
91 10 271
6 34 467
37 36 271
61 11 353
19 59 451
62 21 54
61 79 571
97 65 437
69 48 295
25 16 519
38 1 123
28 6 22
42 6 116
25 21 491
19 69 102
46 25 178
78 18 183
19 99 489
42 28 202
88 89 472
70 8 74
36 49 12
14 11 268
44 54 327
72 42 517
7 83 42
90 1 320
72 51 552
74 87 438
65 23 72
33 76 329
92 27 541
28 4 277
33 0 468
89 93 84
5 68 320
62 17 441
42 93 463
49 52 423
77 41 168
97 21 539
24 23 348
15 79 378
95 81 82
62 27 570
28 27 315
11 24 115
56 57 222
40 54 392
88 94 284
65 29 587
92 6 246
45 19 403
16 67 334
57 21 164
96 17 591
11 63 412
64 52 359
23 72 100
34 78 272
17 55 411
61 84 591
9 52 65
40 74 353
14 0 515
99 31 200
86 63 215
70 99 470
6 8 470
64 92 455
44 32 475
21 34 196
27 20 166
68 43 75
71 83 543
69 58 442
54 50 99
70 81 307
4 84 553
66 59 537
66 56 60
67 87 33
0 81 79
68 72 138
25 60 580
81 47 3
95 64 191
87 92 260
59 79 591
4 62 309
74 0 579
29 44 281
9 85 48
97 67 298
37 63 240
82 94 248
29 91 445
93 91 47
36 90 290
19 70 417
24 12 314
9 95 363
8 56 593
37 24 199
31 47 448
9 88 315
19 62 161
55 1 405
25 74 36
51 11 489
67 64 323
18 54 506
93 48 299
53 98 314
25 12 108
65 87 186
68 30 170
61 0 364
97 27 113
30 18 491
65 98 50
73 20 41
65 11 283
41 66 422
91 88 328
57 91 5
20 83 559
44 26 23
23 91 566
65 56 353
57 72 250
79 54 432
3 0 307
9 55 79
91 27 67
65 14 580
93 23 178
88 16 183
13 65 318
73 84 218
61 23 156
48 88 218
87 27 564
17 21 357
12 7 342
81 54 402
96 85 335
24 97 501
18 48 74
66 76 24
46 38 467
37 60 483
19 78 537
24 8 177
87 4 100
83 84 246
73 51 76
28 81 474
9 19 471
98 25 338
83 21 290
28 31 93
79 35 595
43 90 415
40 19 375
96 18 454
3 49 408
59 96 268
30 5 117
1 36 228
49 18 201
15 25 214
54 87 576
24 99 495
31 69 473
55 23 555
10 39 230
75 7 576
50 57 158
22 42 529
36 25 498
10 15 227
3 43 277
16 79 379
12 63 232
93 6 99
98 42 364
25 66 9
35 36 145
8 54 250
44 39 94
28 70 115
91 43 68
28 40 276
65 95 275
51 89 200
76 75 21
40 45 484
64 0 532
2 9 325
90 24 241
34 19 16
85 77 383
84 92 350
71 59 72
32 78 284
98 20 83
2 96 301
74 50 447
89 34 513
8 7 268
31 24 271
8 0 556
41 11 80
11 64 313
35 99 501
10 54 174
12 0 6
63 19 421
8 38 551
91 59 133
51 4 123
10 68 550
94 3 486
99 18 72
11 57 86
2 87 435
12 60 336
66 58 215
10 38 164
14 12 376
53 68 223
49 1 159
8 74 422
88 42 95
60 44 282
96 76 274
1 12 309
28 20 289
39 67 455
23 8 490
82 83 151
33 19 122
46 52 181
71 79 273
57 47 600
7 92 514
70 33 258
16 41 27
18 47 55
44 31 520
98 70 575
36 83 129
81 62 484
34 67 318
31 12 509
97 77 555
88 51 241
69 17 64
54 90 376
82 25 331
20 42 579
42 76 336
37 26 367
87 83 232
88 61 499
48 19 4
2 58 434
30 3 46
72 67 22
97 82 164
49 48 385
4 23 21
38 18 235
1 60 61
40 21 248
98 76 350
73 2 10
83 72 421
33 97 562
2 35 121
11 50 120
62 26 17
9 0 304
78 53 384
26 54 538
18 9 154
11 59 599
3 85 494
18 93 208
23 0 539
32 67 362
8 81 246
8 94 481
40 61 390
77 84 200
15 42 474
64 73 379
68 11 446
77 29 440
47 85 417
16 59 273
86 22 354
93 27 188
21 75 80
91 24 23
3 48 579
22 88 219
17 50 440
64 79 303
74 58 336
67 48 234
7 33 376
99 74 255
37 96 85
54 88 384
82 9 167
4 42 600
34 61 393
46 88 563
14 78 199
6 51 86
74 83 134
62 22 86
85 32 70
47 96 597
1 34 132
10 97 159
6 66 278
18 83 152
40 46 445
67 82 47
49 68 429
4 61 118
67 78 504
61 55 294
9 41 304
85 83 338
56 26 181
36 63 561
50 97 183
60 36 531
64 60 427
36 97 70
47 35 536
3 19 488
66 86 165
71 35 400
80 64 236
67 62 139
44 85 210
36 62 162
46 75 267
78 55 481
30 33 66
41 72 61
57 26 521
5 31 101
73 1 438
46 73 441
12 79 125
69 35 583
99 64 482
47 48 393
2 21 184
34 11 416
93 54 419
71 44 93
28 87 314
88 75 281
19 49 386
13 81 78
37 65 358
79 13 543
80 58 412
38 4 312
27 8 378
24 68 419
5 42 260
23 94 464
65 55 410
6 19 281
71 55 541
98 69 579
80 12 15
89 37 204
83 98 304
33 73 39
22 98 523
50 19 12
66 52 319
14 97 339
86 77 198
46 53 285
95 54 373
23 74 388
46 86 538
99 84 592
51 74 537
18 89 113
77 79 140
45 31 579
84 93 432
90 70 374
45 97 485
12 8 589
46 12 43
91 70 535
8 86 542
54 28 449
18 35 29
23 51 450
54 12 392
25 39 194
53 67 258
95 31 31
85 6 522
79 96 163
63 24 454
35 43 265
33 25 154
56 45 587
89 42 436
97 0 110
42 70 184
83 30 568
25 51 298
4 7 458
42 54 456
46 0 315
83 22 136
22 8 466
88 13 258
77 31 261
87 60 434
10 12 255
97 66 457
23 15 107
99 88 243
66 38 121
52 37 352
18 71 503
37 67 67
96 19 380
12 92 488
98 52 510
79 38 303
57 6 287
31 20 351
65 24 139
32 13 546
60 85 185
87 99 129
68 74 395
55 32 67
63 46 280
32 10 397
83 67 444
90 56 488
79 3 433
96 70 12
0 73 92
69 22 423
77 99 345
27 0 301
97 79 35
12 19 260
53 79 45
32 29 395
24 10 131
65 44 133
5 17 380
84 72 58
55 72 37
40 60 342
98 41 308
36 87 215
4 88 495
68 65 468
98 28 516
74 20 80
50 42 178
41 35 416
94 67 586
89 98 202
99 50 37
12 20 560
32 98 174
17 91 102
86 89 231
42 21 28
68 90 39
47 68 410
75 72 106
40 59 73
89 54 239
73 18 287
78 75 258
66 55 114
86 37 221
18 94 63
48 60 256
73 88 102
49 16 79
81 82 389
98 44 497
3 11 301
86 52 572
99 14 354
95 30 583
94 75 439
83 27 568
90 95 15
0 2 483
84 69 331
68 4 563
82 72 14
44 36 182
14 35 219
35 8 301
0 49 334
35 57 128
39 14 572
89 26 87
52 2 24
45 88 321
55 96 315
45 34 214
54 39 437
8 66 198
67 84 137
18 80 317
2 46 307
21 12 583
0 71 61
3 35 520
48 99 182
64 30 342
73 67 87
49 2 87
91 11 514
56 85 210
83 68 93
39 15 513
79 67 194
65 34 78
97 51 544
70 80 277
81 39 281
85 80 91
73 37 33
42 92 197
59 76 222
45 79 186
90 22 122
12 95 89
2 59 71
16 40 361
39 20 91
91 96 289
43 59 467
51 47 583
37 59 117
64 37 262
45 98 277
24 38 470
60 8 221
94 29 418
56 92 489
44 43 24
17 2 278
14 2 531
35 74 329
87 75 217
10 21 583
72 16 32
8 84 404
63 90 71
74 12 85
53 33 564
40 32 412
40 70 548
23 70 235
73 16 490
93 68 332
84 18 68
26 46 427
27 46 64
29 33 49
21 84 480
57 68 298
66 7 248
73 24 298
4 70 140
75 42 413
57 79 549
42 65 402
69 79 46
13 37 594
87 57 467
63 51 331
47 12 229
28 94 388
20 24 404
54 36 544
54 65 53
63 2 133
26 58 533
10 82 553
9 65 52
83 17 561
84 38 118
25 67 330
4 79 513
25 48 456
27 17 439
75 15 468
22 3 435
16 50 589
49 98 528
34 49 189
51 77 202
2 65 337
46 4 516
99 79 438
96 11 599
43 14 521
22 65 520
43 30 50
22 61 247
18 79 76
36 16 274
62 24 596
59 22 197
22 97 335
84 23 588
95 19 124
91 32 303
12 45 503
97 42 346
92 81 185
53 62 352
55 75 371
51 33 234
3 59 171
72 10 327
56 49 499
89 13 425
26 21 502
45 41 134
55 77 159
35 53 63
62 78 25
26 94 105
4 77 309
44 64 548
73 14 244
23 58 516
76 57 445
99 80 91
84 35 64
60 90 323
1 99 123
22 21 228
67 50 554
66 67 487
41 2 564
4 15 34
64 14 162
80 17 125
69 81 267
42 48 288
63 61 18
33 46 90
38 35 447
62 18 223
46 15 196
76 99 521
50 65 226
6 97 49
85 63 346
51 37 110
45 80 276
13 67 438
85 79 72
37 45 176
53 47 206
23 76 212
53 93 214
96 52 428
24 81 70
22 6 187
14 91 234
20 94 251
69 94 144
53 59 50
18 98 390
79 48 521
40 29 486
75 34 509
51 60 206
95 99 442
19 80 141
41 68 449
97 56 180
28 96 180
37 29 141
71 43 284
56 21 564
31 64 299
39 28 164
92 59 338
99 30 395
7 81 381
63 65 335
68 88 59
16 99 466
21 86 7
3 92 112
12 71 451
54 77 481
92 93 277
89 15 403
67 1 393
2 76 188
7 48 394
93 74 271
5 40 302
82 11 12
58 3 97
52 62 201
94 32 410
40 96 241
37 69 489
63 77 276
33 50 63
17 25 226
49 54 288
48 22 29
75 64 469
18 15 535
51 98 485
43 63 519
45 99 530
25 55 170
53 74 10
26 88 81
47 90 384
74 80 344
83 93 112
2 32 382
51 18 95
36 45 289
50 60 588
83 39 291
56 3 154
35 81 521
53 52 230
60 20 497
96 54 393
26 87 505
89 47 453
20 14 119
9 25 130
81 75 204
68 2 395
10 86 66
85 24 172
60 99 480
89 21 24
40 93 19
95 26 546
88 6 20
93 52 467
14 70 295
84 78 505
60 38 524
53 31 192
15 63 518
48 31 587
13 86 574
81 83 47
22 77 380
2 84 380
22 46 515
16 3 453
3 74 389
33 75 538
44 28 95
64 63 398
46 54 369
59 58 570
19 27 58
98 48 28
62 60 139
50 26 423
22 5 434
6 75 233
85 54 20
8 15 517
50 59 29
40 6 463
89 41 69
57 54 441
92 43 489
0 39 553
84 53 421
59 10 486
35 95 208
0 82 435
90 50 321
20 6 95
30 74 32
83 4 108
55 6 203
79 6 171
26 75 288
12 93 1
15 36 94
91 82 508
61 30 433
1 31 383
87 38 76
57 82 449
21 59 189
79 84 587
74 47 411
0 29 526
49 35 497
57 55 86
46 13 132
40 38 512
35 10 423
38 36 38
32 80 349
74 54 92
28 76 540
83 77 325
85 16 468
82 89 183
68 44 446
62 42 73
34 37 321
66 72 192
90 76 220
54 73 424
49 7 318
46 92 409
16 82 539
80 69 593
53 58 287
34 63 306
81 85 75
73 99 21
48 39 409
29 3 371
9 27 9
10 46 260
13 40 74
76 93 558
64 90 155
76 24 251
79 8 412
91 61 404
84 27 232
97 43 447
58 89 300
13 55 320
73 98 200
9 29 102
27 30 586
21 54 255
45 0 561
46 51 400
60 94 487
52 3 150
34 86 255
30 23 315
32 66 293
13 2 308
58 84 107
22 70 290
5 9 271
66 45 178
2 47 368
5 90 149
4 12 9
36 17 452
71 5 170
51 24 359
6 30 545
31 67 359
88 15 429
35 67 463
19 29 282
54 15 407
62 10 145
12 53 206
0 79 568
80 36 523
88 97 546
85 59 319
18 58 86
10 11 597
82 79 407
31 70 391
65 70 355
10 73 347
7 2 246
84 44 240
85 76 379
11 16 254
10 45 322
68 27 64
24 75 53
69 57 479
90 78 216
68 15 234
5 94 496
48 12 202
18 34 196
92 66 129
15 61 395
76 63 349
61 52 400
99 0 46
62 90 373
31 0 20
55 26 134
22 41 581
73 28 468
1 88 359
63 1 497
22 92 406
38 17 386
47 91 302
69 55 508
48 57 44
5 53 174
25 32 423
39 62 464
56 77 318
7 25 386
9 99 179
23 45 12
81 3 580
14 68 146
91 71 543
10 8 363
7 14 592
56 42 234
97 48 230
12 98 372
13 11 193
0 88 257
67 86 354
64 29 465
38 41 556
18 92 125
9 8 215
18 81 70
97 59 441
55 73 115
5 35 286
58 36 305
90 67 256
73 71 177
59 72 68
81 14 113
38 65 564
70 76 239
4 16 195
37 88 499
28 91 303
29 11 97
42 69 433
43 32 517
95 50 546
53 32 169
83 37 22
62 94 10
7 97 16
77 72 262
50 37 356
74 65 421
88 59 224
45 87 480
31 14 426
20 5 564
40 82 232
87 93 441
45 67 359
15 91 233
47 29 571
7 78 451
91 31 598
0 52 444
37 2 367
4 39 559
51 2 482
87 73 458
37 43 249
2 95 289
18 64 354
14 67 406
97 83 265
63 82 73
61 5 204
31 60 506
8 55 526
10 60 194
58 43 570
28 32 497
67 24 33
12 58 41
14 90 263
25 76 533
8 82 422
76 47 521
46 64 79
55 94 284
16 78 301
74 33 540
46 14 511
24 34 261
77 12 513
22 17 238
85 30 295
3 76 445
25 34 42
82 42 238
64 13 422
31 68 368
83 26 4
34 40 464
5 11 263
34 3 115
58 91 508
6 2 117
28 45 131
96 84 442
56 81 288
90 31 374
95 51 304
32 24 274
62 87 507
96 64 216
74 72 279
67 47 337
74 78 105
59 9 138
61 56 254
43 4 150
71 31 482
39 3 359
84 14 86
35 72 82
10 65 1
6 81 410
61 73 405
62 11 97
44 50 241
40 77 47
53 65 556
7 27 74
55 84 502
0 95 61
17 88 556
47 32 10
86 65 211
69 29 348
50 62 124
58 31 108
81 60 348
20 34 376
5 87 128
80 1 319
64 22 550
46 19 58
83 14 159
49 79 418
36 34 537
19 98 409
83 11 87
78 23 100
6 11 170
21 95 266
56 89 570
46 28 198
98 74 398
76 27 316
76 7 170
18 24 260
69 47 551
17 23 296
23 42 275
25 78 77
53 17 400
73 94 584
75 13 478
62 79 553
18 6 26
14 87 474
59 28 460
16 93 565
59 55 377
81 49 492
42 18 348
84 52 421
47 9 4
68 7 313
55 68 423
26 32 540
48 56 43
32 70 403
86 47 357
38 12 424
22 63 131
78 1 242
15 32 356
94 79 25
94 72 570
43 77 340
45 33 41
40 67 338
61 62 325
90 80 408
62 84 500
61 7 295
69 63 188
8 83 16
90 15 598
74 21 451
16 37 497
43 79 95
88 81 525
77 13 38
37 95 537
42 17 458
38 58 316
49 80 134
53 75 405
57 61 90
52 69 324
49 26 513
69 74 154
93 5 337
5 29 69
67 30 338
83 3 266
8 80 464
97 60 268
34 70 466
24 28 8
20 87 584
41 29 241
21 45 182
6 7 550
47 61 197
55 21 303
46 99 217
84 60 336
4 78 41
24 0 545
93 38 402
68 62 64
96 13 398
98 57 202
73 80 201
14 80 174
89 61 119
13 52 199
83 69 124
47 26 396
88 52 190
85 94 385
63 50 391
48 37 510
70 11 220
52 11 427
16 95 289
12 23 508
65 21 536
70 51 479
33 1 125
1 81 168
76 61 472
39 95 532
10 84 148
3 23 166
25 10 364
94 24 563
72 80 442
50 31 306
84 89 40
99 42 159
23 48 180
6 56 424
56 46 88
58 70 201
87 21 458
82 19 205
55 88 597
57 18 196
6 82 493
29 61 217
40 10 218
72 46 39
16 87 521
41 24 388
72 11 233
43 42 110
47 65 88
49 71 473
92 72 20
70 86 597
21 60 12
56 34 258
10 13 416
25 2 513
64 56 382
70 17 28
37 78 577
34 12 405
44 6 278
21 64 534
34 52 354
40 37 233
29 6 597
49 61 351
30 62 165
73 21 478
17 59 114
80 29 279
76 58 196
93 88 213
13 43 565
22 45 111
42 71 239
13 17 355
60 65 238
80 47 391
86 97 575
47 36 124
64 85 253
19 13 192
12 43 542
39 47 155
61 75 533
82 78 68
53 87 434
22 1 141
52 20 555
18 5 420
55 62 125
79 23 540
9 44 249
9 96 542
64 94 403
15 19 194
35 0 392
24 36 568
2 23 182
0 77 385
20 36 371
98 63 110
10 3 511
18 82 350
28 68 453
95 73 342
23 26 399
87 18 494
47 49 36
42 64 571
88 57 231
59 61 184
77 66 281
24 60 214
41 15 118
2 72 29
66 94 107
44 53 275
77 9 434
52 68 197
88 74 552
69 53 227
31 6 517
46 31 29
45 85 309
15 55 485
73 32 401
66 78 513
79 50 490
4 9 89
99 71 598
80 13 279
64 77 150
38 54 492
49 91 408
55 47 434
33 48 256
56 60 354
8 37 574
88 23 286
49 59 338
17 94 182
52 41 133
26 80 487
62 64 72
35 6 265
55 45 95
88 43 393
56 53 74
18 86 118
27 51 24
36 3 362
28 52 459
78 8 511
1 91 55
41 96 265
57 78 283
23 77 597
66 18 387
91 16 272
39 41 290
59 41 105
29 78 118
57 37 271
90 49 385
38 29 45
71 58 529
82 65 24
84 46 591
58 6 476
23 85 343
39 65 9
38 23 564
44 30 296
16 94 397
32 74 298
19 1 586
50 9 383
0 10 134
92 31 135
82 87 223
46 74 577
23 68 379
43 15 444
40 43 370
49 11 128
72 5 574
36 71 523
90 73 472
75 51 479
86 90 244
72 89 550
23 98 8
63 0 245
7 89 122
32 97 267
11 78 568
95 63 404
83 25 57
84 17 232
17 95 175
94 48 4
61 13 407
53 10 460
65 58 201
22 71 328
3 66 264
30 12 166
40 47 592
13 7 580
76 73 322
3 64 258
38 56 593
77 15 8
25 18 546
58 51 375
52 54 153
98 40 161
65 15 43
30 97 381
26 19 48
3 26 39
57 80 350
16 90 189
72 30 364
48 40 574
48 58 315
28 51 144
51 55 37
40 68 355
10 6 156
70 15 546
47 73 255
53 72 367
76 84 485
48 63 34
64 89 345
43 49 243
51 99 521
34 43 376
51 68 463
25 80 87
67 88 374
5 91 560
52 14 371
85 69 429
47 41 129
12 3 111
70 38 556
89 74 395
72 60 197
5 55 358
27 86 218
44 1 446
12 83 33
27 42 493
62 51 512
8 31 327
61 70 600
6 3 267
1 93 229
4 94 268
49 51 350
74 63 143
95 43 372
62 49 90
73 75 537
82 45 434
89 20 463
5 85 46
34 79 186
29 20 132
58 41 22
97 40 236
27 47 346
70 97 353
10 70 473
70 94 38
42 10 194
6 94 270
9 45 471
51 54 517
3 45 167
44 69 203
89 81 291
59 65 373
81 5 307
53 77 42
79 70 577
74 36 321
95 72 360
44 37 285
31 87 425
58 75 423
56 54 452
57 28 494
52 25 106
48 11 48
18 95 473
95 97 390
88 5 76
68 35 546
94 31 494
12 91 144
65 62 598
99 10 314
73 27 128
31 51 306
12 33 166
74 62 444
38 5 393
98 99 488
57 12 322
29 53 450
5 51 527
91 74 510
40 81 473
56 72 581
50 30 281
89 48 206
44 14 262
11 97 539
34 69 142
81 25 114
35 62 218
87 78 487
47 13 134
68 86 208
18 3 146
29 87 216
54 34 364
68 81 328
63 39 597
19 88 471
83 13 274
44 27 353
51 56 575
50 38 146
18 28 168
72 97 327
59 35 118
48 1 207
30 73 415
34 77 450
50 2 266
48 70 460
59 13 536
15 94 579
78 41 495
11 66 268
98 77 396
50 93 48
1 57 352
70 84 462
85 11 177
23 29 142
24 2 479
72 24 111
22 31 103
94 97 31
45 47 530
87 55 328
88 77 96
2 79 343
7 72 369
45 49 421
51 8 403
53 42 450
24 9 524
48 4 500
12 67 211
87 81 186
55 12 435
46 94 24
63 6 440
59 30 469
20 51 163
49 31 266
7 62 169
18 1 78
91 98 322
94 77 194
66 48 555
13 78 146
33 64 191
75 32 276
54 14 200
37 19 220
64 5 322
48 44 376
83 55 280
21 37 196
79 90 371
50 96 440
87 25 323
40 35 241
78 46 10
5 48 248
63 53 23
76 10 92
1 46 564
59 8 55
77 74 237
34 27 576
73 45 37
89 99 568
24 52 470
91 62 251
30 21 400
77 11 286
86 35 574
78 35 401
96 97 43
95 86 480
37 76 122
73 29 191
51 86 419
15 21 331
29 97 117
96 8 478
61 66 100
50 56 409
24 13 426
58 0 355
83 31 594
1 86 389
43 46 152
94 50 90
11 4 90
31 42 68
17 32 207
76 53 194
51 21 260
35 66 227
38 72 388
42 81 35
67 56 546
17 16 444
49 82 256
56 29 489
2 91 391
13 57 347
73 52 417
7 50 194
1 3 402
97 25 45
12 22 116
31 25 289
19 85 449
30 76 407
24 21 270
12 76 430
66 63 383
16 15 156
15 9 344
60 80 203
50 70 67
66 57 464
40 3 405
68 1 178
76 34 389
10 51 579
34 59 68
32 1 226
28 49 146
71 25 184
27 57 453
57 29 19
30 93 306
86 61 408
4 98 455
0 13 59
15 57 37
37 99 589
7 15 119
16 45 513
54 94 456
24 59 363
23 36 274
18 44 84
34 28 232
90 66 594
51 19 270
43 10 159
0 93 305
25 40 329
26 40 357
57 86 180
13 76 497
44 93 542
27 21 365
78 71 595
30 55 153
17 44 173
63 78 553
89 1 201
44 51 337
73 40 74
80 78 351
95 85 384
76 95 596
98 46 259
72 6 34
42 52 526
79 86 455
43 60 12
78 38 99
33 28 74
98 71 314
66 70 264
44 25 393
56 59 47
89 60 384
89 63 346
12 37 118
51 92 407
40 11 440
43 29 374
47 64 18
70 69 513
21 35 320
43 62 438
6 17 466
2 34 127
79 81 453
26 48 546
80 53 496
98 85 431
24 30 279
32 19 206
85 15 145
73 7 201
50 29 525
18 12 301
33 81 366
0 55 509
2 39 223
28 10 537
62 85 476
44 97 167
64 50 257
56 13 412
45 83 37
88 83 341
2 16 484
80 34 225
28 56 205
50 48 336
71 88 214
89 76 131
52 19 223
38 59 387
30 45 406
48 27 474
40 71 263
71 28 400
44 90 225
98 43 166
53 85 169
61 21 466
4 85 38
61 8 137
68 82 417
45 51 85
92 76 493
67 61 218
67 81 339
93 25 248
99 22 114
4 35 592
99 67 196
63 9 10
3 90 14
9 93 262
12 59 251
9 16 405
47 17 286
18 59 267
34 9 188
78 24 464
39 73 82
60 53 44
24 50 16
34 7 19
27 66 117
6 77 502
60 95 219
44 24 377
64 32 24
37 74 346
64 61 403
98 1 159
57 70 245
96 32 195
60 93 533
76 83 422
61 27 478
20 0 505
36 55 158
15 17 88
50 91 413
4 86 501
2 26 94
53 41 541
60 29 156
92 47 140
33 5 96
43 39 573
89 50 418
77 68 554
78 65 314
35 17 7
73 58 579
96 4 198
13 4 304
14 23 60
68 34 387
87 9 558
18 17 361
77 73 207
13 28 87
71 8 75
20 53 158
79 5 573
79 30 69
72 87 414
53 43 304
91 8 438
89 91 65
36 79 128
83 70 262
11 27 538
85 89 597
42 60 281
81 84 597
34 26 371
7 35 281
51 57 256
29 90 297
54 70 234
61 65 100
89 66 83
28 92 123
63 47 405
26 36 524
35 82 256
89 59 417
7 40 418
92 99 185
12 86 496
95 93 555
44 55 20
25 5 210
0 54 143
61 90 372
2 10 57
77 91 153
92 61 273
16 6 582
47 22 243
91 52 504
39 69 526
94 87 245
97 4 401
72 61 320
21 67 567
99 93 151
56 88 510
71 51 529
77 90 51
99 17 323
35 34 2
92 58 533
76 17 310
35 87 124
91 33 516
69 27 72
92 79 104
42 16 185
87 76 246
56 41 432
56 24 152
71 57 387
9 66 152
74 61 308
3 28 381
89 24 167
46 18 64
90 2 191
38 15 152
38 30 146
42 51 142
7 10 469
12 84 83
49 14 138
39 33 279
68 9 392
40 12 138
40 22 82
38 53 177
33 63 53
15 0 189
45 11 233
44 70 24
76 78 584
66 29 437
52 76 248
68 94 436
4 33 483
20 21 458
80 27 100
1 62 80
85 14 97
79 41 408
1 7 531
4 50 311
65 75 258
68 73 528
0 80 307
41 10 72
78 39 311
36 96 69
71 2 213
33 60 214
50 21 269
70 13 370
42 19 514
32 5 80
35 1 271
78 77 539
25 63 519
96 44 174
28 69 81
14 16 373
87 90 120
37 38 501
20 11 223
25 64 252
30 0 450
34 10 87
48 38 165
69 12 253
55 53 237
25 57 49
82 5 202
60 27 559
75 12 472
0 11 148
56 78 38
27 12 275
44 94 498
11 17 486
16 1 7
75 62 41
68 87 254
45 38 347
36 8 233
26 45 440
75 91 143
37 93 81
6 9 330
96 3 572
16 26 74
7 30 293
41 71 19
89 35 359
86 3 294
26 65 116
64 65 583
79 55 124
76 80 505
93 70 525
6 25 10
99 61 341
78 28 270
12 61 217
82 21 396
92 48 254
47 43 560
54 72 530
28 72 165
38 71 324
82 71 591
2 19 287
8 16 206
80 86 464
35 50 525
55 37 86
35 48 322
75 84 139
61 83 368
41 88 101
82 24 210
22 58 30
65 76 114
80 91 55
81 26 40
93 58 272
68 98 571
28 99 240
60 79 494
18 40 206
22 0 332
92 33 540
54 75 120
89 96 129
42 94 264
69 61 388
79 10 422
53 9 375
10 47 70
56 32 10
28 15 327
43 50 178
95 47 80
63 45 276
19 97 464
45 27 346
66 71 155
9 22 76
50 25 37
62 82 532
91 85 182
21 68 136
13 33 591
25 20 474
30 39 95
77 47 245
72 19 147
11 8 17
33 94 553
5 3 506
2 85 31
40 79 26
11 22 571
84 86 243
19 66 530
9 86 91
40 92 183
43 72 377
99 97 27
80 98 306
23 97 396
13 29 563
24 95 439
91 7 253
5 97 259
63 17 411
11 89 394
63 59 255
90 9 230
19 43 401
7 57 281
63 32 129
91 87 103
33 55 75
10 18 227
93 14 590
8 14 86
25 23 363
36 89 83
37 15 463
35 24 30
58 46 20
45 84 173
70 43 554
98 11 319
24 39 215
76 64 57
62 93 569
48 95 175
0 76 313
6 60 427
67 10 324
54 3 554
3 75 417
40 89 98
49 92 254
59 44 406
18 27 197
22 82 298
7 70 439
56 47 426
53 91 522
65 80 377
57 95 249
13 95 531
62 9 475
67 9 266
75 63 41
8 43 43
21 29 251
82 80 559
63 68 225
16 97 319
69 73 107
18 37 225
34 95 466
6 54 481
22 84 573
87 6 494
62 80 198
20 77 109
15 5 351
81 86 453
88 31 570
26 77 2
59 52 375
80 93 59
39 9 106
33 37 509
75 38 19
15 47 31
90 82 351
43 24 472
6 70 117
66 96 338
30 87 391
7 90 384
26 93 358
52 44 153
18 90 402
24 46 99
45 77 104
38 42 299
60 77 497
44 35 249
40 31 313
36 50 578
28 95 190
93 43 115
7 5 366
73 25 371
43 21 386
98 14 279
7 67 45
82 17 92
55 3 368
42 57 162
19 57 206
94 36 245
50 46 339
64 78 262
15 27 598
84 56 24
51 17 364
90 34 217
15 13 529
13 48 123
98 17 286
1 83 181
87 86 29
78 70 414
28 80 396
35 73 216
14 5 509
41 36 279
89 5 4
5 80 246
43 52 173
13 35 396
96 63 198
10 9 506
88 35 265
41 19 487
70 18 283
4 26 26
77 87 402
86 42 352
90 75 217
91 46 386
13 99 75
65 91 221
62 48 524
51 91 568
33 93 177
52 89 354
89 65 532
58 87 11
93 29 265
34 16 157
9 40 432
38 26 469
30 37 356
4 95 177
20 13 271
25 91 217
52 22 336
25 88 588
78 85 280
75 10 24
94 35 348
78 12 80
14 92 571
24 70 285
97 87 534
0 65 268
53 21 286
72 91 423
46 11 201
90 32 466
7 17 343
28 16 213
45 35 239
7 96 109
86 60 537
36 86 193
36 11 474
4 56 423
36 4 187
72 50 408
57 90 583
61 36 64
98 35 298
54 19 209
7 19 34
49 67 381
74 29 440
59 69 169
13 53 198
39 57 83
42 25 365
26 76 63
69 90 23
94 93 587
77 92 233
12 72 318
81 19 71
33 95 504
63 38 51
19 73 86
52 47 183
72 22 141
21 63 304
58 10 507
49 96 515
99 96 26
40 42 441
84 15 106
25 59 91
78 50 387
38 85 97
60 26 361
89 23 474
5 26 144
64 9 543
19 91 461
40 75 221
32 8 508
74 22 189
95 62 218
46 9 138
36 32 589
60 19 385
26 15 61
31 37 432
5 69 341
37 72 594
30 54 518
22 33 469
64 1 547
86 48 594
98 30 272
50 82 199
14 4 265
11 76 548
94 11 232
45 81 119
67 41 223
48 83 292
19 5 62
13 41 346
66 0 11
34 73 578
49 46 368
27 54 32
39 23 416
2 27 223
64 2 432
38 68 276
86 29 228
41 0 42
93 21 43
4 54 208
42 85 341
19 67 353
63 72 118
68 46 303
48 59 421
74 82 443
93 79 239
50 45 547
9 80 97
0 6 308
54 68 426
28 29 488
9 35 282
9 23 122
6 47 533
42 83 459
13 27 40
42 14 174
86 31 48
78 45 404
45 13 364
91 79 42
30 25 95
73 89 119
54 76 220
90 6 581
7 41 452
90 37 375
96 34 22
25 92 597
43 25 207
30 19 491
79 20 538
98 24 450
12 62 147
42 44 181
79 58 295
12 96 65
73 83 94
17 12 543
72 76 584
1 51 548
98 6 56
23 7 267
85 93 72
3 21 302
22 20 365
59 46 121
41 65 318
86 55 33
58 94 378
61 28 44
49 83 458
71 62 331
64 41 337
21 78 247
93 51 229
6 48 132
58 44 332
17 26 18
9 97 48
85 31 250
79 47 421
71 86 151
13 82 271
11 19 82
88 38 543
37 4 139
41 23 288
97 3 413
93 7 597
57 16 523
13 25 411
60 46 438
54 20 547
38 97 531
21 85 590
61 35 414
5 67 418
83 78 428
35 97 159
70 29 385
9 57 133
0 1 251
50 98 463
31 61 444
32 87 275
16 71 119
16 30 319
39 74 519
35 27 520
11 54 217
20 9 503
90 26 60
89 38 345
78 91 324
29 79 358
64 55 354
7 98 445
3 47 576
37 94 532
39 61 303
13 21 121
86 56 21
3 80 378
40 58 201
73 82 212
68 16 5
9 31 73
44 2 62
82 37 97
12 41 531
8 67 25
74 76 272
28 50 423
25 41 319
32 54 273
83 99 276
22 85 70
30 75 234
14 21 464
75 23 196
16 33 157
87 33 16
96 67 100
92 4 482
55 48 512
32 18 264
34 38 582
17 54 13
9 89 119
3 70 565
59 7 94
86 98 314
1 11 575
9 81 181
72 69 128
48 10 161
26 42 105
91 64 295
98 88 587
44 87 86
14 66 286
20 72 551
16 89 203
31 89 445
45 57 414
51 13 310
76 35 114
49 24 303
26 61 475
1 77 272
52 7 543
80 46 441
97 91 407
69 45 300
0 44 450
3 98 397
93 13 583
71 1 599
11 99 509
86 25 386
2 56 494
9 60 4
20 93 595
31 52 73
37 27 322
71 84 172
58 47 102
3 17 413
57 20 546
62 38 319
41 48 150
21 99 267
49 75 376
22 54 348
88 66 523
89 79 278
0 17 210
61 51 81
80 59 581
59 39 24
26 10 564
40 66 438
59 67 470
52 16 446
75 41 593
2 67 276
5 24 516
98 90 517
90 45 359
43 69 301
52 57 192
17 45 191
77 50 498
79 63 471
10 81 47
9 84 232
20 19 360
8 42 18
94 65 28
84 63 535
61 17 311
29 45 561
81 91 546
75 27 319
30 46 575
15 6 543
76 21 351
86 76 396
41 49 25
19 79 17
68 42 110
67 23 166
62 15 405
19 4 576
97 74 595
96 92 525
17 8 394
22 23 16
60 71 472
43 89 403
65 25 66
65 69 341
29 89 201
15 34 595
0 34 135
92 86 101
95 67 265
50 40 19
96 5 564
70 85 195
43 51 357
21 31 242
75 80 544
24 17 195
50 86 88
88 39 128
93 4 278
52 78 60
63 30 15
21 9 556
82 1 578
95 56 405
15 92 37
6 69 393
11 26 149
73 48 284
35 51 95
80 37 441
15 31 173
16 13 5
48 45 432
31 93 571
92 5 535
94 92 196
74 73 82
80 11 27
46 45 358
90 28 236
53 2 575
98 31 595
98 59 533
69 75 401
33 84 247
66 34 339
34 13 86
21 11 53
19 10 554
81 21 56
68 70 43
25 84 305
20 76 384
46 57 185
72 73 375
57 43 129
55 24 535
90 10 81
77 16 210
63 42 23
31 19 402
10 95 387
7 63 455
90 99 78
12 11 387
14 6 596
65 16 549
36 76 493
95 29 172
72 49 484
64 83 245
26 67 52
83 65 257
67 28 356
20 92 100
36 9 175
21 28 470
11 39 528
59 29 518
25 49 424
31 26 65
42 87 304
74 27 562
0 62 9
32 61 173
40 33 372
6 62 158
38 14 371
55 67 245
60 70 104
43 96 453
88 36 332
73 42 11
22 13 47
62 69 589
82 47 370
17 52 80
52 99 423
40 23 429
53 14 544
19 83 255
87 59 175
45 60 533
29 81 411
74 60 366
38 91 387
64 97 350
30 47 192
19 18 356
45 92 22
98 27 471
58 8 97
43 0 34
99 54 531
48 0 221
16 75 33
72 25 142
65 7 164
52 36 422
4 6 321
19 24 32
8 90 248
20 69 273
83 52 514
60 3 2
38 22 494
78 0 310
89 4 410
52 38 243
59 99 575
36 70 59
75 45 577
52 15 14
49 94 504
88 14 343
10 16 248
24 96 345
50 88 266
39 75 401
58 19 52
18 45 19
31 29 13
57 41 11
5 2 195
86 41 424
69 71 185
10 85 58
0 84 91
61 97 89
79 56 356
85 48 508
84 51 223
4 82 315
71 54 220
92 55 600
75 82 278
41 99 154
66 10 365
47 5 409
74 48 577
21 0 585
54 82 286
55 14 384
51 3 142
99 4 243
70 26 51
60 7 61
52 56 264
35 28 20
8 34 128
31 32 586
18 7 347
52 32 566
32 71 154
73 59 544
74 31 216
27 16 510
75 18 545
88 12 378
33 18 474
42 90 408
67 75 545
92 98 540
20 86 300
56 30 227
14 34 477
37 39 341
84 50 328
9 58 184
38 96 103
2 33 544
1 84 223
62 99 158
56 18 234
47 87 337
74 44 146
15 97 131
92 68 122
22 24 348
41 8 294
37 6 428
95 42 144
70 27 52
16 53 489
79 11 43
46 67 173
41 60 332
3 32 482
42 11 493
23 81 319
16 86 475
20 17 567
73 91 498
27 3 439
90 55 514
96 31 506
29 2 456
49 23 168
67 29 354
59 47 160
60 2 576
91 56 160
14 15 527
93 73 277
77 24 460
30 13 597
27 43 1
38 11 310
90 39 57
14 41 279
55 20 521
51 9 40
3 13 53
64 49 14
9 28 213
20 32 600
61 41 252
62 47 3
71 11 337
77 17 539
81 22 140
35 65 352
73 62 300
54 66 66
17 56 312
77 38 115
84 48 456
12 32 201
19 86 362
44 19 199
3 14 283
16 44 298
96 16 253
38 90 511
8 29 592
20 62 558
75 86 102
72 78 100
49 44 29
69 91 472
31 81 566
51 85 221
31 57 392
85 39 523
32 6 44
93 72 198
27 89 453
93 17 283
40 84 55
85 36 342
20 15 246
9 32 529
58 62 484
56 75 97
97 76 170
17 34 497
8 18 498
12 49 525
41 42 386
0 86 438
62 54 517
69 30 137
39 35 555
85 74 549
6 65 217
28 58 561
63 94 221
97 1 407
63 91 329
81 57 21
52 94 565
99 68 353
52 26 424
99 86 145
64 20 14
20 96 596
20 18 564
82 23 436
57 92 596
10 96 512
16 24 84
33 23 86
60 76 142
41 91 348
43 38 185
76 31 324
1 21 343
68 91 530
16 60 279
84 49 333
38 81 317
5 6 34
71 37 204
96 80 52
35 60 243
60 5 97
90 13 341
85 1 126
81 74 128
54 83 433
99 72 564
71 74 545
28 55 562
55 91 485
96 56 154
98 81 600
95 98 124
79 37 59
58 82 241
34 57 463
79 27 298
21 38 376
6 36 501
40 49 213
82 29 450
14 1 277
61 44 333
57 53 564
41 44 197
57 30 364
20 35 418
71 87 190
96 71 524
96 1 56
92 23 317
95 80 542
67 42 255
79 80 68
69 96 464
7 51 587
49 53 417
62 8 88
64 59 270
67 92 145
49 10 485
30 2 104
14 36 392
65 3 550
32 23 499
17 81 518
52 5 313
5 12 466
38 86 496
89 90 526
6 39 593
66 50 296
99 15 406
68 29 456
92 71 198
66 20 490
50 75 575
62 44 101
3 38 570
60 18 345
84 13 389
58 33 49
92 37 32
80 44 206
48 16 380
65 5 452
76 77 253
27 99 585
43 56 583
20 8 8
97 52 57
51 30 485
26 8 518
37 66 276
23 34 529
37 91 251
93 8 147
1 23 485
45 86 109
14 29 276
77 95 395
42 79 162
27 10 401
37 53 228
47 21 522
93 56 343
40 24 16
51 29 49
70 21 108
19 23 183
32 49 516
87 84 374
68 61 374
17 97 234
61 98 301
13 26 345
89 6 241
73 96 60
86 54 374
96 14 388
89 75 141
44 76 270
44 81 360
61 54 249
8 63 154
11 9 143
1 27 425
24 4 116
82 98 163
57 65 357
3 73 167
50 83 375
10 56 467
91 67 396
80 71 341
68 50 151
18 14 38
74 4 307
85 73 371
3 61 417
88 92 200
18 41 335
38 51 482
86 94 374
63 44 512
45 42 387
69 25 324
38 13 227
42 49 265
16 46 438
81 30 225
5 45 73
31 23 98
8 21 502
57 89 97
97 90 102
6 49 145
0 72 575
82 3 231
86 62 68
11 86 352
25 89 552
38 95 394
90 19 539
68 60 479
88 86 523
76 56 289
58 86 315
90 93 345
74 13 521
46 35 47
81 20 445
12 9 361
79 26 455
44 67 141
16 35 315
31 16 532
32 82 225
80 92 55
27 39 197
92 50 199
91 21 172
39 68 160
85 61 146
38 27 26
43 94 394
12 6 497
19 55 242
85 37 496
51 59 191
50 76 231
26 84 229
1 52 213
54 45 534
80 15 406
62 92 95
76 79 230
99 33 241
75 95 391
76 32 321
5 13 503
55 58 16
41 74 163
76 71 7
24 26 94
72 33 109
95 7 533
0 28 6
66 31 452
31 39 113
64 36 349
95 82 456
24 48 237
96 65 192
71 17 522
25 11 456
78 93 226
67 58 117
87 19 264
3 69 558
54 31 223
36 51 180
72 90 451
1 79 11
7 45 103
90 48 569
29 27 402
4 3 8
90 81 424
29 7 490
26 53 583
7 32 582
96 83 480
20 47 147
11 69 188
91 95 369
81 76 458
53 40 222
0 4 208
15 83 519
67 27 87
95 36 128
70 53 560
0 85 278
54 41 140
94 81 600
94 30 402
59 33 585
72 58 22
91 3 431
89 68 296
2 80 511
40 95 278
46 37 150
34 47 335
78 97 578
87 8 445
46 97 376
84 90 70
71 33 506
21 96 215
44 82 137
8 3 204
70 5 484
8 92 108
23 80 11
74 14 227
65 4 199
90 52 199
92 19 525
30 8 354
94 57 499
52 35 459
25 24 17
94 61 367
43 6 228
33 20 326
50 34 410
33 8 92
87 56 437
23 6 119
93 24 275
48 15 463
51 76 234
73 92 304
20 90 249
23 43 497
87 37 292
41 76 311
91 60 541
51 82 104
9 43 186
8 73 368
4 20 517
64 53 343
7 11 327
13 73 229
36 92 271
84 20 419
44 40 54
49 15 345
58 85 397
19 16 5
76 19 71
79 95 317
68 45 545
69 51 183
79 98 26
73 57 31
14 27 32
39 55 341
66 30 289
64 57 441
62 29 223
96 22 12
68 95 268
29 83 385
56 71 322
47 4 373
74 94 86
22 35 200
76 88 256
85 88 284
36 57 143
87 22 519
66 1 352
92 34 162
35 30 130
92 35 404
40 2 262
16 66 248
66 46 497
97 31 397
32 69 62
24 58 42
100
98 19
32 34
82 93
76 42
64 93
14 17
24 7
76 30
94 2
85 42
60 47
76 51
18 20
92 27
28 22
49 68
26 77
49 40
21 45
33 62
91 8
29 53
79 62
28 12
67 84
69 64
28 21
18 83
19 55
49 10
56 40
52 6
2 5
24 35
39 84
23 48
12 5
89 15
67 48
66 40
20 71
73 36
33 41
4 60
80 32
71 30
19 81
8 70
28 99
97 64
50 94
98 10
57 44
77 96
39 23
76 55
70 84
68 70
8 35
83 16
24 71
11 84
90 45
98 9
44 91
16 3
19 37
56 70
26 64
74 36
91 98
4 38
19 54
3 59
14 53
93 81
88 86
28 8
37 7
89 88
58 65
86 17
56 2
26 16
39 5
68 16
13 64
84 87
34 67
89 88
61 71
5 48
27 92
89 78
28 86
50 54
70 58
17 3
71 97
38 10
