100 1000
26 69 96
87 39 175
65 93 195
88 21 94
63 13 189
37 14 199
65 77 100
70 25 132
94 47 66
66 12 78
77 96 184
94 14 126
81 2 124
12 85 136
76 82 67
8 47 93
2 61 175
21 49 140
93 66 140
1 17 153
12 28 139
78 98 114
27 65 60
81 55 52
94 19 59
61 87 98
26 99 22
29 39 63
36 13 26
52 18 122
6 74 24
6 46 50
19 65 33
77 81 107
84 65 167
69 89 136
26 73 36
74 18 62
49 76 103
40 57 69
78 44 160
6 27 189
7 64 178
16 55 17
68 12 19
69 15 162
60 59 70
35 80 3
61 82 177
54 67 101
92 11 31
95 59 55
19 77 190
97 63 187
55 18 19
73 65 112
43 73 155
5 43 124
33 90 148
10 23 59
13 58 170
40 90 114
23 95 171
84 6 188
38 92 171
15 12 72
32 21 7
63 5 176
85 49 136
31 56 98
95 70 200
19 56 33
85 46 54
4 66 82
94 98 96
22 56 76
45 1 37
91 45 16
35 64 53
43 78 114
39 60 187
61 20 145
93 75 187
75 9 73
0 19 165
23 46 116
66 80 125
72 86 101
16 47 150
27 24 94
59 68 85
1 94 40
49 29 106
46 44 71
22 79 18
65 71 18
28 14 147
87 66 15
16 38 32
7 31 129
3 20 17
97 2 192
93 64 143
44 88 72
52 33 170
72 70 17
7 22 48
69 60 8
68 3 173
76 22 53
87 13 95
16 69 199
88 27 19
17 75 21
50 23 29
89 87 10
21 69 164
60 92 137
28 75 181
98 66 116
99 57 185
66 95 149
32 57 8
46 76 198
62 57 165
69 9 79
90 17 115
59 31 89
29 15 2
50 58 137
24 54 188
65 67 132
47 23 62
80 83 137
54 33 74
7 99 61
25 3 60
76 39 41
59 83 38
79 9 55
22 14 66
33 3 8
58 83 89
5 95 139
19 47 30
16 7 99
30 26 189
8 48 19
31 63 89
6 45 27
85 29 35
63 28 111
63 26 87
60 98 192
41 92 140
66 17 174
66 83 60
3 67 54
82 33 162
84 64 7
37 68 125
2 74 79
77 30 147
52 63 79
54 43 47
19 74 110
24 74 17
53 88 14
56 16 12
79 78 11
25 75 10
8 49 19
48 64 156
43 55 105
0 92 38
37 25 94
3 62 119
80 68 97
54 13 139
39 8 39
10 74 32
37 11 3
48 28 90
9 33 154
79 74 31
50 14 58
18 67 119
4 91 3
17 67 162
27 58 192
6 68 166
18 53 39
4 67 44
13 6 166
23 86 183
92 95 12
80 81 134
57 8 137
44 12 187
45 8 29
31 62 107
72 79 10
4 8 49
64 98 186
47 98 60
20 97 155
24 86 89
3 93 142
6 50 96
41 63 136
84 97 107
49 66 191
7 74 123
36 84 91
0 18 4
5 86 115
70 1 115
54 91 25
78 54 130
79 31 30
14 95 14
96 42 88
35 29 114
89 8 58
29 72 123
53 95 99
41 37 196
77 71 70
15 51 145
63 57 54
25 29 14
93 82 152
20 80 69
81 53 16
21 4 92
21 44 108
89 70 164
21 71 13
58 17 98
29 4 174
21 6 174
98 87 55
24 42 4
74 90 78
36 73 135
95 44 76
63 10 196
10 78 131
91 6 194
6 64 7
36 59 2
95 20 125
55 41 194
41 33 87
43 33 144
21 92 175
18 11 182
42 3 17
26 18 69
81 27 101
88 62 187
55 11 142
88 34 36
34 94 144
82 53 101
17 68 195
24 64 4
86 6 115
8 77 132
73 4 4
12 13 11
7 47 168
1 15 95
74 96 129
68 75 22
36 78 148
46 90 30
42 39 108
28 8 117
36 68 96
32 81 8
71 6 119
1 75 111
62 98 164
14 77 89
93 2 43
86 28 100
79 44 50
43 81 174
15 66 189
93 34 31
13 60 25
63 40 44
64 68 85
86 43 168
30 9 119
77 70 3
42 36 191
9 74 119
64 38 112
13 14 53
5 23 110
54 35 43
12 50 138
46 83 109
28 64 129
74 17 167
25 4 37
23 90 13
78 51 11
87 51 146
18 61 133
94 25 178
23 27 9
32 77 147
76 62 136
89 78 84
32 88 11
1 42 73
87 50 16
43 2 152
69 56 3
46 55 190
82 84 102
8 19 161
86 32 55
57 83 147
42 13 157
53 28 188
24 92 94
85 50 24
44 20 31
81 63 54
89 49 114
90 59 56
69 88 60
12 35 28
61 71 153
15 93 77
13 8 29
62 33 79
86 39 123
96 51 9
32 16 101
56 73 43
50 73 44
82 66 193
58 1 187
25 22 99
22 49 69
12 82 164
53 27 66
96 33 11
14 89 128
82 14 168
8 46 27
75 70 37
19 89 108
98 8 145
22 66 39
30 86 55
38 99 137
72 44 107
78 95 181
75 71 137
90 92 48
10 36 173
76 14 163
91 76 84
5 34 132
36 46 88
73 23 98
35 37 151
55 76 42
28 26 39
99 47 101
1 65 20
88 18 5
75 5 125
10 1 79
78 47 184
80 41 138
50 49 73
30 36 199
82 41 116
96 15 133
54 48 31
31 43 144
65 79 101
40 56 131
33 42 164
3 72 68
94 10 182
77 5 163
24 1 118
14 63 31
5 73 28
62 63 73
76 5 81
78 27 139
40 94 95
90 4 98
41 46 87
12 36 113
53 22 120
91 44 157
25 28 18
55 85 56
5 4 59
33 49 129
23 16 56
99 40 24
77 67 24
22 93 79
0 87 142
47 88 79
76 48 20
95 15 199
42 91 114
63 18 9
64 45 55
61 93 97
98 97 110
55 95 166
28 36 138
48 65 109
85 17 126
92 85 82
94 91 50
74 45 133
93 67 166
61 42 66
70 56 81
26 98 52
46 61 198
31 78 41
51 83 193
53 15 16
49 69 76
2 45 126
14 79 84
25 19 9
71 47 36
6 41 189
30 4 175
19 21 131
52 60 35
14 32 3
80 43 14
26 9 185
43 87 36
1 50 101
23 56 17
12 65 169
13 91 190
52 4 58
41 94 126
66 39 145
9 83 109
16 29 9
57 38 6
96 25 31
52 39 88
14 25 176
37 62 187
17 29 174
34 41 3
37 5 44
39 97 30
56 58 91
88 10 109
12 97 187
95 96 138
10 61 26
92 29 130
1 87 76
41 17 23
89 80 151
6 67 62
18 23 21
4 45 130
64 71 24
43 82 18
69 46 140
42 46 89
37 17 108
93 41 123
73 12 177
34 82 92
52 85 195
25 35 103
52 10 97
76 45 121
22 32 30
64 54 122
30 42 103
86 17 176
42 58 60
16 62 61
62 46 10
49 63 7
97 34 160
65 31 112
40 88 113
29 26 71
41 4 97
44 92 52
55 98 46
77 7 146
18 97 12
22 29 164
35 55 13
7 94 175
39 80 89
91 90 67
32 95 56
34 51 161
91 86 86
76 69 25
58 88 92
70 39 126
51 40 157
96 45 139
60 55 170
78 20 62
78 61 103
71 26 53
36 67 169
64 12 134
11 30 5
41 21 66
26 59 82
65 40 23
30 15 127
62 40 12
74 57 109
80 50 192
61 80 10
80 22 139
79 66 56
70 73 181
65 43 23
23 63 20
5 39 150
41 32 63
34 83 56
43 11 123
28 2 33
12 16 189
58 68 86
21 98 164
18 85 29
81 71 178
17 9 109
72 4 73
46 65 189
82 85 63
61 96 145
40 14 24
35 11 148
71 24 5
53 97 89
87 12 28
30 1 32
44 13 52
70 9 130
48 46 13
74 1 194
96 53 29
20 40 133
25 56 85
34 42 195
1 72 96
40 91 59
0 70 182
27 4 27
66 85 27
16 74 1
6 59 142
44 5 193
22 28 168
48 20 178
74 55 188
72 65 79
27 36 57
56 99 175
48 78 5
53 86 59
86 33 106
29 84 21
38 94 191
66 64 174
92 89 14
93 35 63
89 3 1
37 58 19
56 82 166
35 15 108
42 47 46
81 48 23
50 5 99
23 44 4
69 87 198
99 75 24
87 24 176
68 25 188
71 13 21
86 26 99
65 52 66
69 78 180
98 36 34
14 33 80
23 83 49
97 92 167
2 18 45
46 93 120
10 31 83
61 50 129
55 97 166
30 92 154
30 40 32
46 70 173
20 16 158
55 31 111
1 37 198
90 30 196
97 26 43
52 21 116
16 43 151
78 42 200
78 6 38
83 6 179
24 6 178
2 86 67
72 8 153
32 38 54
74 70 163
73 44 75
21 33 162
67 22 121
25 95 40
42 74 77
5 21 16
78 5 162
11 75 174
93 96 136
98 39 124
27 96 181
0 96 40
67 43 4
73 31 89
89 46 47
37 22 179
82 15 62
40 8 13
56 15 110
57 4 196
32 79 98
99 12 130
34 4 107
53 30 20
83 91 130
37 9 18
38 44 89
4 17 191
47 75 30
30 80 11
10 37 89
2 31 130
23 60 170
78 30 63
25 26 186
83 75 192
14 19 187
8 52 107
58 20 112
27 59 84
35 85 182
99 94 146
39 12 124
54 98 198
64 88 98
3 71 47
29 76 133
19 28 173
34 85 194
49 30 21
33 89 165
89 45 155
23 57 33
34 29 149
56 9 191
16 5 80
5 0 16
80 55 199
36 65 78
39 7 107
43 28 167
4 44 43
58 15 71
33 38 115
95 83 41
66 68 119
82 36 63
95 74 14
94 0 98
38 2 27
51 22 57
50 3 68
83 24 14
83 5 31
30 22 89
64 87 38
47 11 36
11 2 85
64 70 85
18 72 17
7 69 29
71 19 190
32 99 18
8 50 72
99 36 39
5 10 57
35 33 159
68 85 42
31 18 8
17 65 105
68 19 63
39 34 116
26 78 44
41 20 141
82 48 61
48 72 121
84 43 190
10 20 191
43 85 138
66 75 147
63 83 19
64 4 132
4 69 129
19 35 26
84 32 130
26 85 125
48 43 42
30 60 153
51 32 170
71 53 113
2 77 120
0 51 60
71 68 133
50 15 141
32 59 28
81 11 161
17 46 84
71 20 39
7 84 163
25 8 67
59 0 102
96 78 75
71 30 156
40 86 141
74 59 164
41 40 174
44 33 81
18 36 66
51 14 181
58 57 194
34 48 108
7 38 74
77 10 50
73 38 47
67 80 106
53 45 104
68 18 183
52 55 185
83 2 123
85 27 77
14 61 179
42 0 193
80 77 107
33 85 158
34 91 148
85 13 47
45 43 144
11 28 128
80 4 47
21 58 149
4 32 73
36 2 41
78 2 118
95 3 40
60 96 43
49 86 158
34 81 149
5 28 96
24 53 135
75 43 116
93 47 24
25 54 74
39 36 66
97 57 146
90 11 78
43 22 52
37 47 155
82 30 188
90 27 186
37 54 25
88 20 28
72 9 130
95 6 143
39 94 139
60 88 73
25 77 107
36 48 188
25 62 196
22 16 12
95 69 163
29 48 190
54 53 140
7 71 163
4 58 160
88 72 42
79 25 141
62 34 9
95 52 85
68 96 115
68 69 99
2 20 28
49 65 141
54 80 103
94 53 1
71 90 165
71 93 81
49 97 21
89 30 90
27 33 69
50 0 122
84 47 50
60 17 182
77 33 38
89 53 138
46 79 14
12 42 64
59 4 163
25 58 125
85 8 23
49 88 90
0 7 129
59 93 38
93 55 146
56 37 110
94 2 73
5 46 58
48 53 196
46 81 127
99 82 174
71 63 78
11 87 97
23 54 113
37 32 99
49 87 151
20 75 152
74 11 112
24 69 95
3 77 58
18 39 35
45 65 150
39 13 115
54 29 6
53 92 82
60 73 168
69 77 3
45 95 178
43 76 179
94 21 68
5 27 118
99 5 131
6 26 61
69 92 167
92 39 142
97 8 17
36 22 45
82 26 62
15 24 180
2 54 147
49 93 115
84 80 91
61 58 50
15 87 107
10 29 45
85 71 27
45 72 96
25 53 142
8 64 45
46 47 135
34 72 11
4 55 45
61 37 187
17 10 194
54 47 93
92 74 140
2 8 87
57 17 70
91 10 91
6 34 156
37 36 91
61 11 118
19 59 151
62 21 18
61 79 191
97 65 146
69 48 99
25 16 173
38 1 41
28 6 8
42 6 39
25 21 164
19 69 34
46 25 60
78 18 61
19 99 163
42 28 68
88 89 158
70 8 25
36 49 4
14 11 90
44 54 109
72 42 173
7 83 14
90 1 107
72 51 184
74 87 146
65 23 24
33 76 110
92 27 181
28 4 93
33 0 156
89 93 28
5 68 107
62 17 147
42 93 155
49 52 141
77 41 56
97 21 180
24 23 116
15 79 126
95 81 28
62 27 190
28 27 105
11 24 39
56 57 74
40 54 131
88 94 95
65 29 196
92 6 82
45 19 135
16 67 112
57 21 55
96 17 197
11 63 138
64 52 120
23 72 34
34 78 91
17 55 137
61 84 197
9 52 22
40 74 118
14 0 172
99 31 67
86 63 72
70 99 157
6 8 157
64 92 152
44 32 159
21 34 66
27 20 56
68 43 25
71 83 181
69 58 148
54 50 33
70 81 103
4 84 185
66 59 179
66 56 20
67 87 11
0 81 27
68 72 46
25 60 194
81 47 1
95 64 64
87 92 87
59 79 197
4 62 103
74 0 193
29 44 94
9 85 16
97 67 100
37 63 80
82 94 83
29 91 149
1000
93 91
7 36
90 48
19 70
69 24
12 52
9 95
60 8
56 98
37 24
33 31
47 74
9 88
52 19
62 26
55 1
67 73
65 25
74 5
51 11
81 67
64 53
76 22
18 54
84 93
48 49
53 98
52 25
12 17
65 87
30 68
30 28
21 57
61 0
60 97
27 18
30 18
81 65
98 8
73 20
6 65
11 47
41 66
70 91
88 54
57 91
0 20
83 93
44 26
3 23
91 94
19 70
65 56
58 57
72 41
81 34
79 54
71 3
0 51
9 55
13 32
41 91
27 11
95 55
65 14
96 93
23 29
88 16
30 13
65 52
29 10
73 84
36 61
23 25
48 88
36 87
27 93
17 21
59 12
7 56
71 90
81 54
66 96
85 55
96 77
24 97
83 18
48 12
66 76
3 46
38 77
37 60
80 19
78 89
24 8
29 87
4 16
44 78
65 52
83 84
40 73
51 12
28 81
78 9
19 78
98 25
56 83
21 48
28 31
15 79
35 99
43 90
69 40
19 62
96 18
75 3
49 67
59 96
44 30
5 19
1 36
37 49
18 33
15 25
35 87
12 54
87 95
0 59
24 99
82 31
69 78
73 12
14 63
55 23
92 10
39 38
75 7
95 30
77 19
65 70
74 86
49 50
57 26
22 42
88 22
56 36
25 82
10 15
37 3
43 46
16 79
63 12
63 38
93 6
16 98
42 60
25 66
1 83
7 30
1 35
36 24
8 54
41 44
39 15
28 70
19 91
43 11
28 40
45 65
95 45
51 89
33 76
75 3
40 45
80 64
0 88
2 9
54 90
24 40
34 19
2 85
77 63
84 92
58 71
59 11
13 39
32 78
47 98
20 13
31 2
2 96
50 2
78 74
50 74
14 11
89 34
85 8
7 44
31 24
45 8
0 92
4 5
41 11
13 11
64 52
35 99
83 10
54 28
12 0
0 63
86 63
19 70
8 38
59 22
51 4
20 10
68 91
94 3
80 99
18 11
11 57
14 2
87 72
12 60
55 41
46 66
58 35
13 14
10 38
27 14
12 62
31 56
53 68
37 28
19 49
1 26
8 74
70 84
92 88
42 15
9 19
33 52
60 44
46 13
39 96
76 45
30 40
1 12
51 34
51 28
20 48
39 67
75 23
8 81
82 83
25 17
1 33
19 20
2 8
64 52
46 52
30 71
79 45
57 47
99 15
50 7
92 85
69 46
70 33
42 16
41 4
18 47
9 31
78 44
31 86
98 70
95 64
4 36
83 21
81 62
80 34
67 52
31 12
84 97
77 92
27 96
28 5
88 51
40 10
5 69
17 10
54 90
62 10
20 25
22 82
25 55
20 42
96 42
76 55
97 53
37 26
61 87
83 38
88 61
83 48
19 0
2 58
72 30
3 7
11 74
72 67
3 97
82 27
49 48
64 4
23 3
38 18
39 1
60 10
40 21
41 98
76 58
73 2
1 83
72 70
33 97
93 2
35 20
11 50
19 66
58 24
83 4
51 62
26 2
69 15
9 0
50 78
53 63
26 54
89 18
9 25
11 59
99 3
85 82
84 36
18 93
34 23
0 89
32 67
60 8
81 40
8 94
80 71
47 40
61 64
77 84
33 15
42 78
64 73
63 68
11 74
77 29
73 47
85 69
16 59
45 86
22 58
93 27
31 21
75 13
91 24
48 96
91 23
19 8
22 88
36 17
50 73
64 79
50 29
25 74
58 55
79 32
67 48
38 39
76 7
33 62
99 74
42 37
96 14
54 88
63 81
34 82
9 27
4 42
99 34
61 65
46 88
93 14
78 33
70 99
6 51
14 46
93 74
83 22
62 22
14 85
32 11
14 50
47 96
99 1
34 21
10 97
26 6
66 46
18 83
25 40
46 74
67 82
7 56
23 49
68 71
4 61
19 68
18 67
78 83
61 55
48 9
41 50
85 83
26 30
36 63
93 6
34 18
61 50
97 30
60 36
88 64
60 71
20 41
36 97
11 47
35 89
3 19
81 46
79 66
86 27
71 35
66 80
64 39
67 62
23 91
57 44
85 34
36 62
26 46
75 44
78 55
80 30
33 10
41 72
10 82
26 57
26 86
5 31
16 68
36 73
1 72
46 73
73 99
74 12
79 20
69 35
97 99
64 80
47 48
65 89
80 2
21 30
34 11
69 93
54 69
71 44
15 28
87 52
88 75
46 19
49 64
13 81
12 37
65 59
43 67
20 78
79 13
90 80
58 68
38 4
51 45
72 10
31 27
8 62
24 68
69 5
42 43
23 94
77 65
55 68
6 19
46 71
55 90
98 69
96 80
12 2
89 37
33 83
98 50
7 38
33 73
6 22
98 87
33 90
50 19
1 81
0 66
52 53
14 97
56 86
77 32
12 28
54 26
46 53
47 95
54 62
23 74
64 46
86 89
99 84
98 75
68 51
74 89
17 57
18 89
18 46
65 77
79 23
45 31
96 84
93 71
90 70
62 45
97 80
12 8
98 94
98 46
12 7
59 79
91 70
89 8
86 90
54 28
74 31
65 10
63 18
35 4
23 51
74 48
3 54
12 65
25 39
32 87
87 53
67 42
95 31
5 85
6 86
73 65
79 96
27 63
24 75
51 32
35 43
44 33
56 45
97 40
91 89
42 72
97 0
18 30
3 42
70 30
83 30
94 66
49 25
51 49
4 7
76 37
10 42
54 75
46 0
52 18
74 83
27 88
22 8
77 88
13 42
77 31
43 87
60 72
10 12
42 97
66 76
71 3
23 15
17 42
46 99
88 40
66 38
20 52
37 58
80 22
18 71
83 37
67 11
96 19
63 12
92 81
98 52
84 35
12 79
38 50
57 6
47 69
9 31
20 58
65 24
23 32
13 90
60 85
30 87
99 21
68 74
65 55
32 11
63 46
46 32
10 66
83 67
73 20
80 90
56 81
79 3
72 96
70 1
0 73
15 69
22 70
77 99
57 27
0 50
79 32
96 61
66 95
43 11
97 79
5 79
38 12
19 43
53 79
7 32
29 65
24 10
21 98
39 65
44 22
5 17
63 79
77 84
72 9
74 68
55 72
6 40
60 56
98 41
51 36
87 35
4 88
82 68
65 77
98 28
85 74
20 13
0 61
50 42
29 41
35 69
94 67
97 89
98 33
99 50
6 12
20 93
16 32
32 98
28 17
91 16
25 36
86 89
38 42
21 4
68 90
6 47
91 23
11 75
75 72
17 40
59 12
89 54
39 61
93 67
53 40
88 73
18 47
78 75
42 66
55 18
86 37
36 18
94 10
42 30
48 60
3 25
79 73
88 16
49 16
13 81
82 64
98 44
82 3
11 50
86 52
95 76
69 0
8 99
14 58
14 19
95 30
97 94
75 73
83 27
94 90
95 2
0 2
80 84
69 55
68 4
93 82
72 2
44 36
30 14
35 36
35 8
50 4
30 5
49 55
35 57
21 39
14 95
89 26
14 52
2 3
40 62
79 53
45 88
53 55
96 52
45 34
35 54
39 72
8 66
32 67
84 22
4 7
81 63
18 80
52 2
46 51
21 12
97 71
64 55
65 0
71 10
50 58
40 59
3 35
86 48
99 30
64 30
56 96
42 43
33 5
76 5
77 73
67 14
25 98
2 77
49 2
14 27
24 91
11 85
48 60
56 85
34 11
3 63
83 72
18 83
68 15
35 47
20 27
39 15
85 79
67 32
84 92
65 34
12 97
51 90
46 40
70 80
46 81
39 46
85 80
15 48
29 73
37 5
42 92
32 25
19 59
76 36
43 76
45 79
30 90
22 20
12 95
14 2
59 11
16 40
60 39
20 15
91 96
48 43
59 77
74 20
89 86
51 47
97 37
59 19
64 37
43 9
9 72
8 83
22 75
88 45
98 46
5 75
1 50
90 17
29 17
24 38
78 8
24 60
8 36
94 29
69 56
92 81
44 43
3 17
2 46
14 2
88 74
24 35
74 54
46 69
57 72
76 82
87 75
36 9
37 10
21 97
72 16
5 49
69 8
84 67
87 1
63 90
11 74
12 14
97 79
53 33
93 31
55 21
32 68
40 70
91 23
70 39
73 16
81 93
68 55
84 18
11 26
46 71
89 46
27 46
10 29
33 8
21 84
79 57
68 49
66 7
41 26
30 96
47 73
24 49
4 70
23 75
42 68
65 68
57 79
91 28
70 68
18 42
65 66
69 79
7 4
61 88
89 33
89 13
37 98
87 57
77 63
51 55
47 12
38 45
1 75
87 51
47 51
32 3
11 28
94 64
20 24
67 54
36 90
54 65
8 63
2 22
2 52
27 93
26 58
88 10
82 92
9 65
8 83
17 93
56 70
84 38
19 25
67 54
4 79
85 25
48 75
27 17
73 10
88 86
91 40
70 75
15 77
86 89
22 3
72 47
81 57
87 16
50 98
49 98
87 34
49 31
51 77
33 2
65 56
46 4
85 99
79 72
94 88
63 90
96 11
99 43
14 86
22 65
86 43
30 8
22 61
41 18
79 12
36 16
