100 99
0 1 59
1 2 100
2 3 90
3 4 58
4 5 38
5 6 35
6 7 9
7 8 5
8 9 51
9 10 46
10 11 15
11 12 43
12 13 34
13 14 32
14 15 28
15 16 62
16 17 65
17 18 7
18 19 19
19 20 48
20 21 97
21 22 45
22 23 15
23 24 22
24 25 62
25 26 84
26 27 14
27 28 46
28 29 66
29 30 42
30 31 45
31 32 22
32 33 5
33 34 80
34 35 18
35 36 79
36 37 78
37 38 43
38 39 55
39 40 34
40 41 88
41 42 25
42 43 98
43 44 54
44 45 50
45 46 74
46 47 25
47 48 67
48 49 40
49 50 11
50 51 36
51 52 97
52 53 61
53 54 33
54 55 83
55 56 21
56 57 16
57 58 34
58 59 38
59 60 67
60 61 99
61 62 52
62 63 56
63 64 7
64 65 62
65 66 37
66 67 59
67 68 19
68 69 99
69 70 80
70 71 39
71 72 11
72 73 71
73 74 68
74 75 76
75 76 32
76 77 58
77 78 54
78 79 2
79 80 24
80 81 10
81 82 36
82 83 76
83 84 83
84 85 34
85 86 98
86 87 25
87 88 24
88 89 37
89 90 75
90 91 90
91 92 86
92 93 22
93 94 7
94 95 68
95 96 12
96 97 91
97 98 19
98 99 47
2000
84 15
49 67
12 72
80 64
98 51
77 70
21 96
28 73
28 24
33 91
13 33
87 63
18 98
71 7
5 24
27 70
68 86
80 87
68 91
13 19
24 23
60 93
93 27
49 91
57 63
38 35
57 65
19 93
92 83
71 66
14 82
55 15
37 57
20 29
43 86
77 45
52 36
55 64
81 88
48 35
16 57
13 92
67 4
82 61
90 87
6 89
83 87
16 51
96 97
1 34
14 90
27 8
97 67
36 41
99 69
15 3
82 20
12 74
4 1
41 54
62 95
22 37
91 50
13 89
71 43
93 51
40 84
68 56
46 29
1 36
33 87
52 32
76 70
57 82
67 21
82 63
43 24
43 94
97 69
97 66
83 70
93 26
34 42
53 29
42 1
96 18
71 25
54 7
10 91
13 81
71 3
1 33
10 34
99 0
8 76
39 70
44 71
31 76
64 48
15 92
95 3
43 98
89 99
37 91
82 68
65 41
4 38
45 27
74 21
68 5
73 40
87 95
65 77
23 75
25 62
95 34
92 48
54 18
34 37
81 64
26 52
5 13
54 59
19 51
5 10
13 6
10 37
56 9
34 22
88 0
49 39
11 28
30 21
90 79
43 14
90 36
37 13
26 55
49 96
3 94
83 97
47 56
26 89
91 16
6 64
44 40
11 32
55 29
25 78
65 37
44 48
95 53
77 45
26 32
58 72
53 28
5 47
34 68
18 61
60 53
99 78
14 89
21 86
98 75
3 45
46 10
51 3
56 93
71 58
0 19
86 6
3 7
78 96
90 10
69 66
61 88
94 63
21 49
31 44
7 18
49 69
68 88
56 65
8 84
49 96
78 13
63 68
29 49
85 10
54 61
16 23
38 36
89 32
30 42
42 68
91 62
43 47
89 58
6 12
40 78
71 54
20 2
19 32
93 84
37 53
35 47
74 93
41 34
44 55
48 14
67 5
27 14
48 31
97 13
44 11
85 10
70 90
34 78
35 1
24 46
17 82
66 74
11 64
76 15
15 45
53 87
37 68
97 82
37 70
63 99
35 70
23 75
48 8
83 43
50 61
86 54
49 97
86 33
31 37
82 58
30 35
51 83
5 8
0 42
33 68
48 6
68 31
1 87
11 21
70 91
61 94
5 58
26 63
61 45
62 61
21 67
89 22
99 60
48 42
10 86
1 71
63 68
27 78
65 51
34 15
19 11
41 23
13 80
5 47
58 54
81 44
19 92
52 17
27 43
66 99
96 46
61 74
61 89
75 3
19 25
55 99
34 86
35 71
49 38
31 15
4 62
70 46
59 65
64 77
70 56
95 2
67 25
57 41
35 32
81 36
82 79
53 26
74 23
66 35
42 63
3 41
8 0
23 26
76 53
89 6
89 82
89 10
55 60
4 46
81 72
48 73
65 59
84 73
58 21
69 84
73 46
6 45
5 33
98 64
7 28
30 4
18 89
17 50
40 43
9 5
22 13
41 28
82 15
47 13
88 64
94 56
74 34
15 91
56 58
19 61
91 71
27 67
70 25
60 22
56 28
67 81
9 95
90 37
47 8
77 12
38 16
7 61
28 32
96 89
51 4
72 36
69 71
61 84
34 21
15 96
85 21
62 81
19 88
88 55
76 5
49 33
60 26
85 79
70 4
1 95
5 35
8 32
82 24
53 40
75 93
92 11
65 92
67 59
54 96
93 59
86 81
77 36
83 25
21 59
88 70
74 10
58 45
40 8
72 35
59 18
35 37
16 77
83 65
44 13
45 56
26 44
97 20
15 73
13 26
22 21
19 10
47 80
79 64
49 47
87 15
79 92
33 35
26 74
78 22
45 87
49 38
74 28
29 11
54 93
31 26
7 57
53 60
39 96
64 51
77 51
70 84
50 35
64 48
74 53
41 4
10 71
47 45
87 47
5 55
27 41
96 5
12 26
32 15
61 96
32 1
30 40
72 70
46 13
99 23
27 35
13 10
67 97
51 11
77 59
48 58
4 56
42 24
86 59
49 27
13 60
32 41
81 59
41 8
83 89
87 89
65 12
88 96
37 47
95 5
24 41
84 34
93 72
82 29
91 59
48 6
80 18
39 30
63 69
28 43
15 20
53 56
84 44
12 75
26 46
43 27
70 91
39 5
44 21
2 48
3 97
25 19
42 40
53 60
76 54
87 24
34 58
98 20
91 63
82 20
30 63
83 12
20 27
43 2
44 27
69 92
27 93
64 46
2 57
84 17
71 11
74 52
99 57
11 73
46 60
36 14
32 26
45 88
25 62
19 11
22 53
31 25
55 12
0 98
40 78
13 81
37 71
5 46
12 27
81 45
3 83
17 60
32 68
78 32
16 30
36 89
80 8
69 10
59 16
96 6
47 15
54 91
41 77
38 77
67 73
50 22
7 33
39 8
52 71
20 40
51 61
0 72
37 17
64 23
41 4
85 23
32 90
64 11
43 13
21 80
72 20
85 17
59 15
53 9
87 99
31 9
64 15
53 68
64 21
62 87
55 35
88 48
26 61
61 26
3 69
44 85
11 78
64 14
14 88
2 60
60 50
38 61
90 63
80 78
9 44
24 95
6 21
18 26
92 16
29 40
84 42
33 15
45 36
81 66
79 72
16 4
18 55
32 34
69 79
1 0
95 96
25 13
52 37
75 47
16 77
16 78
49 39
55 91
11 69
43 97
11 43
16 27
38 77
67 90
39 50
78 25
23 65
56 73
1 12
48 46
11 0
32 87
63 72
15 29
24 33
71 3
20 35
10 63
21 13
62 9
42 67
12 43
70 25
20 81
14 35
16 4
17 71
55 32
93 64
59 38
72 69
2 47
67 40
97 89
95 91
0 92
20 32
40 35
90 33
33 10
1 51
47 46
1 12
23 99
7 44
70 25
24 98
84 65
64 9
64 30
16 73
27 60
16 52
42 82
13 26
27 8
27 65
97 44
56 76
40 95
76 49
71 90
23 26
81 61
75 49
87 54
64 55
55 56
78 42
35 56
46 27
49 88
5 38
12 13
2 48
75 47
70 23
22 31
89 42
70 12
16 26
31 75
47 63
57 41
52 28
74 27
72 40
57 37
3 90
27 17
85 47
58 1
64 19
27 39
18 14
44 63
54 63
51 53
1 58
74 97
86 41
56 60
51 52
26 10
39 98
66 61
78 26
87 25
30 98
23 1
85 98
8 31
7 41
91 92
86 32
8 26
32 19
15 13
21 33
43 35
81 97
42 98
80 69
21 7
47 28
91 0
38 30
81 2
47 99
82 43
90 13
26 53
41 10
24 43
93 36
10 7
52 79
57 26
17 93
84 54
90 85
48 14
5 29
98 33
95 35
47 0
27 58
59 20
67 70
97 99
57 97
43 94
23 97
2 88
43 47
64 96
40 53
51 15
87 98
7 52
23 2
95 4
38 59
3 90
65 60
83 28
80 34
71 34
19 57
57 72
35 16
15 81
78 24
97 73
65 20
70 55
59 13
27 42
91 40
17 47
91 52
76 71
5 49
40 33
15 27
92 12
99 15
51 78
85 97
21 50
94 64
62 11
77 39
32 45
79 59
23 96
4 24
3 63
50 25
7 71
40 31
64 87
69 93
53 75
46 80
97 6
8 80
74 57
6 7
87 88
22 6
11 60
34 37
12 31
43 94
71 51
22 21
1 30
66 84
47 88
39 95
15 2
11 3
25 3
59 95
69 3
30 86
30 61
77 19
64 14
37 22
40 26
1 83
83 41
98 33
74 44
98 66
1 46
89 26
67 71
4 32
92 6
97 37
67 22
79 32
53 8
86 44
28 54
27 89
26 74
22 73
16 78
67 66
28 11
42 77
68 12
91 3
90 99
39 56
26 93
6 29
7 19
69 90
14 98
67 7
75 74
63 30
76 33
35 78
16 74
98 88
83 93
95 16
55 78
13 78
42 16
25 74
28 75
66 17
73 54
56 28
7 45
95 4
38 12
71 6
9 13
74 78
54 99
97 0
54 15
93 8
88 25
90 15
2 99
76 95
35 59
31 45
42 79
31 9
28 61
83 35
81 63
52 15
51 38
90 11
34 1
81 74
51 45
51 6
19 71
26 30
71 2
29 57
62 92
34 75
75 54
38 90
5 70
19 98
90 53
69 78
22 75
48 11
45 81
80 90
39 52
86 62
25 94
42 16
64 55
90 24
23 5
41 72
22 25
65 67
6 97
34 87
91 87
77 15
80 62
63 78
53 85
16 79
69 77
28 94
24 71
94 10
8 52
22 77
69 5
57 55
49 47
14 94
86 74
40 1
99 51
4 73
65 12
2 29
7 83
8 49
2 29
86 47
69 70
51 32
1 43
29 45
41 84
67 58
36 74
86 92
0 59
87 76
71 38
46 60
64 96
49 59
27 6
73 78
69 40
3 54
16 55
36 18
4 47
26 54
26 95
56 14
93 26
48 12
61 81
54 12
49 66
75 77
43 4
8 46
68 42
25 64
63 61
17 57
92 3
71 61
92 11
66 27
19 42
84 57
52 9
2 59
74 46
88 11
32 22
18 80
38 29
16 43
76 29
37 80
27 42
82 67
12 94
6 75
32 71
45 44
47 34
95 10
17 11
94 77
15 53
8 89
66 23
26 27
81 67
89 35
92 71
39 66
1 10
44 83
3 44
32 65
43 16
64 5
20 53
1 2
52 85
59 65
53 17
55 12
91 34
92 5
36 21
27 64
14 20
24 62
14 65
96 68
21 58
65 19
87 88
18 16
43 3
28 85
14 74
58 51
8 29
91 5
71 40
29 71
45 81
68 3
61 7
42 61
54 10
83 57
88 50
56 61
25 86
49 6
79 28
39 55
25 1
58 82
74 99
33 6
27 45
73 80
58 14
25 9
3 65
28 59
56 94
26 83
77 8
34 70
91 82
54 92
23 42
92 17
86 87
26 96
31 59
12 52
27 0
52 33
20 65
36 97
89 95
42 40
15 40
69 1
7 10
11 90
72 88
18 24
10 15
97 75
69 66
37 59
10 48
82 16
44 94
71 75
49 48
19 94
94 47
18 5
98 58
69 32
31 23
89 49
15 13
38 87
91 3
74 23
59 14
25 93
2 83
24 32
62 70
75 17
9 89
22 72
51 38
40 60
47 75
81 70
35 33
41 82
85 5
28 51
43 21
42 63
14 8
10 37
16 96
27 88
93 22
98 74
63 38
85 75
58 18
65 46
0 18
81 99
78 32
41 66
47 78
85 89
73 94
66 84
96 95
20 98
39 67
50 10
20 33
91 70
78 83
68 44
11 60
45 9
81 38
51 14
5 50
12 93
83 38
30 10
2 32
1 63
16 89
38 83
8 52
61 95
72 98
66 38
72 82
84 54
71 21
81 1
32 49
78 32
36 40
89 71
69 1
87 59
75 60
69 50
68 4
71 3
67 53
51 60
80 67
43 50
57 21
55 32
96 2
59 63
54 0
90 84
22 14
68 22
39 84
99 80
69 20
17 48
74 92
74 64
37 3
7 6
27 57
12 84
16 94
17 89
88 53
42 87
87 88
74 87
8 48
99 7
30 89
79 31
31 92
52 22
44 88
99 26
42 32
3 4
64 68
5 56
13 67
21 39
91 50
71 79
58 21
51 39
24 59
29 97
3 60
68 28
5 26
81 12
44 32
93 8
63 25
62 59
31 41
63 17
63 34
67 23
43 55
53 54
74 33
29 36
79 39
65 94
25 31
56 59
48 24
64 85
85 23
20 34
72 8
71 21
35 81
9 36
92 84
18 98
54 75
28 85
77 2
54 55
11 23
64 58
46 61
8 92
59 78
97 67
92 35
12 69
39 41
81 33
11 28
72 90
92 3
65 25
41 57
7 65
70 31
84 95
9 76
35 56
59 66
3 86
72 20
15 0
9 71
8 22
82 85
55 17
66 98
67 82
43 44
63 98
13 90
37 53
81 87
65 76
16 17
34 65
21 93
76 74
81 36
53 8
64 40
20 38
5 93
51 28
77 36
22 50
50 46
79 8
86 93
36 22
10 21
76 24
76 20
52 72
90 10
19 90
94 58
37 82
90 84
24 81
70 38
49 34
95 49
7 32
23 77
98 30
73 27
6 27
96 98
67 93
78 73
47 64
84 89
88 48
55 22
80 3
69 89
76 87
63 60
58 93
66 3
15 11
89 39
88 85
72 55
6 58
82 14
18 20
23 64
68 5
83 15
3 2
53 60
94 65
68 45
7 55
69 21
65 45
92 21
74 54
18 55
21 7
46 30
51 42
75 98
89 94
11 31
67 31
25 54
62 42
29 82
68 75
59 62
41 81
70 93
9 33
76 94
26 3
12 23
6 13
83 89
75 23
26 95
34 88
14 10
2 16
65 51
93 6
43 38
49 39
60 35
24 70
13 99
1 25
26 8
79 8
66 16
64 73
67 90
54 18
77 95
0 4
96 46
76 98
2 47
53 84
39 56
26 32
87 77
33 2
7 99
18 42
9 95
25 56
69 9
96 14
4 41
45 63
47 95
94 68
59 54
89 33
64 27
34 86
92 80
83 35
67 53
12 14
77 10
42 92
8 97
83 1
30 86
36 11
77 37
54 64
45 3
63 35
98 66
85 89
87 77
24 41
73 31
95 60
49 9
11 54
89 59
71 24
56 16
94 2
76 57
94 79
29 58
18 0
30 99
55 99
6 30
8 64
80 92
19 53
79 55
19 23
26 85
23 29
45 60
92 87
2 41
50 97
36 0
44 9
50 23
88 55
80 88
5 3
96 75
41 68
96 57
34 16
37 43
19 15
13 51
42 61
17 43
7 50
83 87
79 44
81 59
17 73
5 67
11 71
3 77
46 23
4 78
13 86
69 97
45 3
64 71
57 33
16 27
89 43
25 23
15 62
26 61
51 85
28 72
66 56
77 30
95 6
19 46
4 91
53 49
56 72
13 63
62 32
6 26
45 18
7 16
32 54
77 73
49 64
57 43
99 1
70 79
38 63
4 68
77 66
88 78
84 74
63 37
54 19
21 93
79 73
62 21
38 44
89 60
69 94
42 13
19 30
45 36
79 97
12 96
28 75
35 85
63 70
59 1
2 34
6 51
45 67
12 37
66 87
81 7
71 65
72 11
10 53
73 69
86 26
77 16
21 88
32 31
83 56
54 2
23 94
47 13
69 8
77 74
37 18
18 75
74 63
33 60
78 77
26 97
55 1
74 19
37 29
26 32
58 0
34 32
49 85
42 84
34 24
57 25
5 18
73 29
15 88
25 26
35 40
95 59
40 8
94 48
38 66
86 58
44 25
44 14
71 59
41 10
95 20
21 96
95 54
1 41
0 2
99 6
76 67
90 88
50 80
39 99
41 82
53 2
41 20
58 20
94 20
1 80
32 78
7 75
85 90
70 33
73 14
46 42
38 22
72 77
84 95
36 1
30 76
69 64
89 68
33 6
34 43
36 40
12 22
83 82
13 14
47 33
19 32
33 55
68 40
54 75
27 77
42 16
51 71
78 53
66 46
97 12
24 73
8 94
92 24
42 70
83 31
3 79
60 56
4 50
32 27
99 90
58 94
37 39
16 8
26 84
90 30
58 60
9 26
33 3
17 1
3 25
64 68
9 16
57 82
79 16
6 58
22 88
40 61
29 97
98 48
61 80
15 88
99 52
49 88
76 87
23 13
13 66
86 73
37 97
13 3
55 23
83 79
93 92
28 36
53 50
38 75
31 75
39 84
80 78
17 14
56 22
33 69
47 13
64 81
66 6
3 25
67 7
28 84
67 26
71 92
37 90
86 6
95 79
38 6
1 31
42 45
60 20
97 46
6 75
64 37
96 72
76 59
80 28
98 2
87 79
68 48
64 17
79 22
57 28
85 90
3 36
55 48
7 64
97 87
86 68
16 41
21 81
98 43
54 99
25 43
12 91
61 77
49 99
62 77
37 80
11 65
39 95
68 82
65 45
96 18
78 21
98 78
98 4
73 80
37 47
83 62
50 2
90 70
88 0
92 33
87 82
82 51
39 47
5 54
13 50
74 21
32 80
93 38
22 11
80 54
92 70
97 71
3 0
21 53
39 2
24 63
98 76
42 47
47 98
42 33
21 13
36 13
64 17
81 22
30 65
75 34
95 35
42 41
59 14
50 82
27 11
18 44
0 96
9 39
20 27
7 41
47 13
14 42
57 19
47 37
96 26
91 70
36 81
48 99
96 22
96 47
38 50
31 62
61 75
80 93
32 82
77 61
39 75
68 90
52 97
77 98
33 46
38 95
19 15
94 31
80 45
6 71
24 65
27 11
89 40
26 58
68 81
84 33
33 67
82 70
60 81
57 27
93 77
99 25
62 17
11 82
67 52
55 10
0 20
68 94
32 13
97 69
29 14
9 54
54 6
69 30
53 20
77 57
67 62
39 60
97 36
81 52
4 53
43 52
46 2
17 20
75 12
19 39
29 40
87 79
17 50
66 49
67 86
26 24
88 43
96 81
72 92
40 1
23 7
95 17
6 15
42 7
43 50
93 67
96 88
2 22
25 6
40 41
3 69
97 77
23 55
85 53
45 73
73 47
47 18
66 61
87 86
10 80
1 34
98 35
74 58
91 54
72 24
81 50
26 80
82 68
82 29
99 22
93 40
18 63
90 33
35 71
62 60
89 71
51 69
90 5
17 20
42 3
39 1
8 54
64 50
77 61
13 91
5 21
3 23
63 83
52 47
9 65
65 6
52 23
37 54
0 25
98 14
95 57
97 77
65 66
10 33
78 25
2 62
49 60
78 22
50 97
23 99
20 96
98 9
69 83
39 82
37 23
0 53
41 60
5 41
24 29
22 99
83 37
75 59
53 37
35 10
71 54
83 72
29 49
23 77
14 9
78 42
86 13
22 15
25 13
12 22
83 19
21 41
91 83
97 96
15 29
5 26
68 60
1 98
22 44
68 37
64 65
12 21
7 89
78 54
39 78
57 0
65 46
90 72
5 57
72 78
9 99
31 83
38 79
33 50
10 29
27 38
95 23
42 98
40 29
93 90
